0,0,0,0,0,0,0,0,0,0,0,0,0,0,0,0,0,0,0,0,0,0,0,0,0,0,0,0,0,0,0,0,0,0,0,0,0,0,0,0,0,0,0,0,0,0,0,0,0,0
0,0,0,0,0,0,0,0,0,0,0,0,0,0,0,0,0,0,0,0,0,0,0,0,0,0,0,0,0,0,0,0,0,0,0,0,0,0,0,0,0,0,0,0,0,0,0,0,0,0
0,0,0.0569697,0.00888889,-0.00181818,0.00888889,0.00767677,-0.00666667,0.00464646,0.0153535,0.00606061,0.00828283,0.0109091,-0.00424242,-0.00646465,-0.00181818,-0.00181818,0.00646465,-0.0218182,0.00707071,-0.00181818,-0.00121212,0.00727273,-0.00545455,0.0232323,-0.0252525,0.00828283,-0.0133333,-0.0135354,-0.00242424,-0.00848485,-0.00545455,-0.0135354,0,0.00282828,0.0264646,-0.00424242,0.0113131,0.0252525,-0.0151515,-0.0163636,-0.0280808,-0.00767677,-0.000606061,0.00626263,0.0010101,-0.00727273,-0.00040404,-0.00181818,-0.00242424
0,0,0.00888889,0.019798,-0.000606061,-0.00040404,0.00929293,-0.00222222,-0.00181818,-0.00161616,0.0020202,-0.000606061,0.00363636,-0.00141414,-0.00888889,-0.000606061,-0.000606061,-0.00121212,0.00282828,0.00909091,-0.000606061,-0.00040404,0.00242424,-0.00181818,0.0010101,0.00505051,-0.000606061,-0.00444444,0.00222222,-0.000808081,-0.00282828,-0.00181818,0.00222222,0,-0.0125253,-0.00464646,-0.00141414,0.00040404,-0.00505051,0.00505051,0.00464646,-0.0127273,-0.00929293,-0.00020202,0.00545455,-0.0030303,-0.00242424,0.00323232,-0.000606061,-0.000808081
0,0,-0.00181818,-0.000606061,0.0293939,-0.00565657,-0.00121212,-0.00333333,-0.00272727,0.0177778,0.0030303,-0.000909091,0.00545455,-0.00212121,0.00181818,-0.000909091,-0.000909091,-0.00181818,-0.0109091,-0.00151515,-0.000909091,-0.000606061,0.00363636,-0.00272727,0.00656566,-0.0126263,-0.000909091,-0.00666667,-0.00171717,-0.00121212,-0.00424242,-0.00272727,-0.00171717,0,0.00141414,0.00313131,-0.00212121,-0.00444444,0.00252525,-0.00757576,-0.00818182,0.00111111,0.00626263,-0.00030303,0.00313131,-0.00454545,-0.00363636,0.00484848,-0.000909091,-0.00121212
0,0,0.00888889,-0.00040404,-0.00565657,0.252121,0.00929293,0.0230303,-0.00686869,0.0185859,-0.0282828,0.00444444,-0.0569697,0.0238384,0.00121212,0.00444444,0.0145455,0.00888889,0.0533333,0.0040404,0.0145455,-0.00040404,0.00242424,0.0234343,-0.0141414,-0.010101,0.00444444,-0.0246465,-0.0735354,-0.0210101,0.00727273,-0.0169697,-0.00282828,0,-0.0529293,0.0610101,0.0137374,0.0711111,0.010101,-2.46716e-17,0.050101,-0.0783838,-0.049697,-0.00525253,0.0509091,0.0323232,-0.00242424,-0.0270707,-0.00565657,-0.0210101
0,0,0.00767677,0.00929293,-0.00121212,0.00929293,0.0387879,0.00565657,-0.00363636,-0.00323232,0.0040404,-0.00121212,-0.00282828,0.00727273,0.00242424,-0.00121212,-0.00121212,-0.00242424,0.00565657,-0.0020202,-0.00121212,-0.000808081,0.00484848,-0.00363636,-0.00808081,0,-0.00121212,-0.00888889,-0.0157576,-0.00161616,0.00444444,-0.00363636,0.00444444,0,0.00525253,0.000808081,-0.00282828,0.000808081,0,0,-0.000808081,-0.00525253,0.00161616,-0.00040404,0.0109091,0.0040404,-0.00484848,-0.00363636,-0.00121212,-0.00161616
0,0,-0.00666667,-0.00222222,-0.00333333,0.0230303,0.00565657,0.0988889,0.00010101,0.00121212,0.0010101,0.00676768,-0.0507071,0.0225253,0.00666667,-0.00333333,0.0168687,0.0236364,0.00040404,0.0146465,0.0168687,-0.00222222,-0.00686869,0.00010101,0.0207071,-0.0328283,-0.00333333,0.0159596,0.00717172,0.00565657,0.0248485,0.010202,-0.0433333,0,0.0321212,0.0249495,0.00232323,-0.0129293,0.0126263,-0.0277778,-0.019899,-0.00939394,0.019596,-0.00111111,0.0148485,0.00353535,-0.00323232,-0.0125253,0.00676768,-0.00444444
0,0,0.00464646,-0.00181818,-0.00272727,-0.00686869,-0.00363636,0.00010101,0.0827273,0.0129293,-0.0111111,-0.00272727,0.00626263,-0.00636364,0.00545455,-0.00272727,-0.00272727,-0.00545455,-0.0125253,-0.00454545,0.00737374,-0.00181818,0.000808081,0.00191919,0.029798,-0.00757576,0.00737374,-0.02,0.0251515,-0.00363636,-0.0127273,0.00191919,-0.0253535,0,0.0244444,-0.000707071,-0.00636364,-0.0133333,0.0378788,-0.0126263,-0.0144444,-0.00676768,-0.0115152,-0.000909091,-0.0108081,-0.00353535,-0.000808081,0.00444444,-0.00272727,-0.00363636
0,0,0.0153535,-0.00161616,0.0177778,0.0185859,-0.00323232,0.00121212,0.0129293,0.0743434,-0.0020202,-0.00242424,0.00444444,-0.00565657,0.00484848,-0.00242424,-0.00242424,-0.00484848,0.0113131,-0.0040404,-0.00242424,-0.00161616,0.00969697,0.0129293,0.0040404,-0.020202,0.00767677,-0.00767677,-0.0214141,-0.00323232,-0.0113131,0.00282828,-0.0214141,0,-0.019798,0.0420202,-0.00565657,0.0319192,0.040404,-0.010101,-0.0218182,-0.0206061,-0.0270707,-0.000808081,0.0218182,-0.0121212,0.0105051,0.0129293,-0.00242424,0.00686869
0,0,0.00606061,0.0020202,0.0030303,-0.0282828,0.0040404,0.0010101,-0.0111111,-0.0020202,0.0909091,0.0030303,0.0121212,0.00707071,0.0040404,0.0030303,0.0030303,0.00606061,-0.0646465,0.00505051,0.0030303,0.0020202,-0.0020202,0.00909091,0.0454545,-0.0252525,0.0030303,0.0121212,0.0292929,0.0040404,0.0040404,-0.0010101,-0.0414141,0,0.0323232,0.0131313,0.00707071,-0.0222222,0.0151515,-0.0454545,-0.0333333,0.0232323,0.0262626,-0.00909091,0.0131313,0.0151515,-0.00808081,-0.00606061,-0.00707071,-0.00606061
0,0,0.00828283,-0.000606061,-0.000909091,0.00444444,-0.00121212,0.00676768,-0.00272727,-0.00242424,0.0030303,0.0293939,0.00545455,-0.00212121,0.00181818,-0.000909091,-0.000909091,0.00828283,-0.0109091,-0.00151515,-0.000909091,-0.000606061,0.00363636,-0.00272727,-0.00353535,-0.00252525,-0.000909091,0.00343434,-0.0118182,-0.00121212,-0.00424242,-0.00272727,0.00838384,0,0.00141414,0.00313131,-0.00212121,0.00565657,0.00252525,0.00252525,0.00191919,-0.0089899,-0.00383838,-0.00030303,0.00313131,0.00555556,-0.00363636,-0.00525253,-0.000909091,-0.00121212
0,0,0.0109091,0.00363636,0.00545455,-0.0569697,-0.00282828,-0.0507071,0.00626263,0.00444444,0.0121212,0.00545455,0.149091,-0.0478788,0.0193939,-0.0147475,-0.0147475,-0.039596,-0.0254545,-0.0313131,-0.0147475,0.00363636,0.0286869,-0.00383838,0.0111111,0.0252525,-0.00464646,-0.0408081,-0.00989899,0.00727273,-0.0452525,-0.0139394,0.0305051,0,-0.0185859,-0.00868687,0.00262626,0.0165657,0.00505051,0.00505051,0.00868687,-0.00666667,-0.0274747,-0.00828283,0.00141414,0.00707071,0.00161616,0.0113131,-0.0147475,-0.00282828
0,0,-0.00424242,-0.00141414,-0.00212121,0.0238384,0.00727273,0.0225253,-0.00636364,-0.00565657,0.00707071,-0.00212121,-0.0478788,0.0657576,-0.00585859,0.0079798,0.0079798,0.00585859,0.0149495,0.0166667,-0.00212121,-0.00141414,-0.00161616,-0.00636364,0.00858586,-0.00252525,-0.00212121,0.00464646,0.0128283,-0.00282828,0.0305051,-0.00636364,-0.0275758,0,0.0167677,-0.00616162,-0.00494949,-0.0238384,-0.00757576,-0.0176768,-0.0190909,0.0160606,0.0381818,-0.000707071,-0.00616162,-0.000505051,-0.00848485,0.00121212,-0.00212121,-0.00282828
0,0,-0.00646465,-0.00888889,0.00181818,0.00121212,0.00242424,0.00666667,0.00545455,0.00484848,0.0040404,0.00181818,0.0193939,-0.00585859,0.0569697,-0.0183838,0.00181818,-0.0165657,0.0117172,-0.0272727,0.00181818,0.00121212,0.0230303,0.00545455,-0.0232323,0.00505051,0.00181818,-0.0169697,-0.0268687,0.00242424,-0.0117172,0.00545455,0.0135354,0,0.0173737,0.0139394,0.00424242,0.0290909,0.0151515,0.00505051,0.0163636,-0.00222222,0.00767677,-0.00949495,0.0139394,0.00909091,0.00727273,0.00040404,-0.00828283,-0.00767677
0,0,-0.00181818,-0.000606061,-0.000909091,0.00444444,-0.00121212,-0.00333333,-0.00272727,-0.00242424,0.0030303,-0.000909091,-0.0147475,0.0079798,-0.0183838,0.0293939,0.00919192,0.0183838,-0.000808081,0.0186869,-0.000909091,-0.000606061,-0.0165657,-0.00272727,0.00656566,-0.0126263,-0.000909091,0.0135354,0.00838384,-0.00121212,0.0159596,-0.00272727,-0.00171717,0,0.00141414,-0.0069697,-0.00212121,-0.00444444,-0.00757576,0.00252525,0.00191919,0.0112121,0.00626263,-0.00030303,-0.0069697,-0.00454545,0.00646465,0.00484848,-0.000909091,-0.00121212
0,0,-0.00181818,-0.000606061,-0.000909091,0.0145455,-0.00121212,0.0168687,-0.00272727,-0.00242424,0.0030303,-0.000909091,-0.0147475,0.0079798,0.00181818,0.00919192,0.0293939,0.00828283,-0.000808081,0.0186869,-0.000909091,-0.000606061,0.00363636,-0.00272727,-0.00353535,-0.0126263,-0.000909091,0.0135354,-0.0118182,-0.00121212,-0.00424242,0.00737374,-0.00171717,0,0.00141414,0.0132323,0.0079798,0.00565657,0.00252525,0.00252525,0.0120202,-0.0089899,0.00626263,-0.00030303,0.00313131,0.00555556,0.00646465,-0.0153535,0.00919192,-0.00121212
0,0,0.00646465,-0.00121212,-0.00181818,0.00888889,-0.00242424,0.0236364,-0.00545455,-0.00484848,0.00606061,0.00828283,-0.039596,0.00585859,-0.0165657,0.0183838,0.00828283,0.0569697,-0.0218182,0.0272727,0.0183838,-0.00121212,-0.0331313,-0.00545455,0.0131313,-0.0353535,-0.00181818,0.0371717,0.0167677,-0.00242424,0.0319192,0.00464646,-0.0135354,0,0.0230303,-0.00383838,0.00585859,-0.0290909,-0.0151515,-0.0151515,-0.00626263,0.0123232,0.0327273,-0.000606061,-0.0139394,-0.00909091,-0.00727273,-0.00040404,0.00828283,-0.00242424
0,0,-0.0218182,0.00282828,-0.0109091,0.0533333,0.00565657,0.00040404,-0.0125253,0.0113131,-0.0646465,-0.0109091,-0.0254545,0.0149495,0.0117172,-0.000808081,-0.000808081,-0.0218182,0.232727,-0.0181818,-0.0109091,-0.00727273,0.00323232,0.0480808,-0.113131,0.0909091,-0.0109091,-0.0294949,-0.0610101,-0.0145455,0.019798,-0.0226263,0.050101,0,-0.0941414,-0.0129293,0.0250505,0.0577778,-0.040404,0.0909091,0.0331313,-0.00686869,-0.0359596,0.00646465,-0.00282828,-0.0343434,0.0270707,0.0278788,-0.000808081,0.0157576
0,0,0.00707071,0.00909091,-0.00151515,0.0040404,-0.0020202,0.0146465,-0.00454545,-0.0040404,0.00505051,-0.00151515,-0.0313131,0.0166667,-0.0272727,0.0186869,0.0186869,0.0272727,-0.0181818,0.0479798,-0.00151515,-0.0010101,-0.0141414,-0.00454545,0.0176768,-0.0277778,-0.00151515,0.0292929,0.0106061,-0.0020202,0.0131313,0.00555556,-0.019697,0,0.00909091,0.00858586,0.00656566,-0.0141414,-0.00252525,-0.0126263,-0.00353535,-0.0116162,0.0171717,-0.000505051,-0.00151515,0.00252525,-0.00606061,-0.0121212,0.00858586,-0.0020202
0,0,-0.00181818,-0.000606061,-0.000909091,0.0145455,-0.00121212,0.0168687,0.00737374,-0.00242424,0.0030303,-0.000909091,-0.0147475,-0.00212121,0.00181818,-0.000909091,-0.000909091,0.0183838,-0.0109091,-0.00151515,0.0293939,-0.000606061,-0.0266667,-0.00272727,0.0166667,-0.0126263,-0.000909091,0.0135354,0.0184848,-0.00121212,0.0159596,-0.00272727,-0.0118182,0,0.0115152,-0.0069697,-0.00212121,-0.0145455,-0.00757576,-0.00757576,-0.00818182,0.0112121,0.00626263,-0.00030303,0.00313131,0.00555556,-0.00363636,-0.00525253,-0.000909091,-0.00121212
0,0,-0.00121212,-0.00040404,-0.000606061,-0.00040404,-0.000808081,-0.00222222,-0.00181818,-0.00161616,0.0020202,-0.000606061,0.00363636,-0.00141414,0.00121212,-0.000606061,-0.000606061,-0.00121212,-0.00727273,-0.0010101,-0.000606061,0.019798,0.00242424,-0.00181818,0.0010101,0.00505051,-0.000606061,-0.00444444,0.00222222,-0.000808081,-0.00282828,-0.00181818,0.00222222,0,0.00767677,-0.00464646,-0.00141414,-0.00969697,-0.00505051,-0.00505051,-0.00545455,0.00747475,0.0109091,-0.00020202,-0.00464646,-0.0030303,-0.00242424,0.00323232,-0.000606061,-0.000808081
0,0,0.00727273,0.00242424,0.00363636,0.00242424,0.00484848,-0.00686869,0.000808081,0.00969697,-0.0020202,0.00363636,0.0286869,-0.00161616,0.0230303,-0.0165657,0.00363636,-0.0331313,0.00323232,-0.0141414,-0.0266667,0.00242424,0.106667,-0.00929293,-0.0262626,0.040404,-0.00646465,-0.0541414,-0.0436364,0.00484848,-0.0638384,0.000808081,0.0270707,0,-0.0157576,0.00767677,-0.00161616,0.0278788,0.020202,0.010101,0.0226263,-0.0246465,-0.0250505,-0.00888889,-0.00242424,-0.0020202,0.0145455,0.0210101,-0.00646465,-0.00525253
0,0,-0.00545455,-0.00181818,-0.00272727,0.0234343,-0.00363636,0.00010101,0.00191919,0.0129293,0.00909091,-0.00272727,-0.00383838,-0.00636364,0.00545455,-0.00272727,-0.00272727,-0.00545455,0.0480808,-0.00454545,-0.00272727,-0.00181818,-0.00929293,0.0827273,-0.0207071,0.0126263,-0.00272727,-0.02,-0.00515152,-0.00363636,-0.00262626,-0.00818182,-0.00515152,0,-0.0260606,0.039697,0.0138384,0.0270707,0.0176768,-0.0126263,0.00575758,-0.0168687,-0.0115152,-0.000909091,0.0194949,-0.00353535,-0.000808081,0.00444444,-0.00272727,-0.00363636
0,0,0.0232323,0.0010101,0.00656566,-0.0141414,-0.00808081,0.0207071,0.029798,0.0040404,0.0454545,-0.00353535,0.0111111,0.00858586,-0.0232323,0.00656566,-0.00353535,0.0131313,-0.113131,0.0176768,0.0166667,0.0010101,-0.0262626,-0.0207071,0.25,-0.128788,0.00656566,-0.0191919,0.135859,-0.00808081,0.00707071,-0.0207071,-0.157071,0,0.0818182,0.0267677,-0.0217172,-0.0868687,0.0479798,-0.0934343,-0.102525,-0.00353535,0.0434343,-0.00454545,0.0166667,0.0126263,-0.0343434,-0.00808081,-0.0136364,-0.0181818
0,0,-0.0252525,0.00505051,-0.0126263,-0.010101,0,-0.0328283,-0.00757576,-0.020202,-0.0252525,-0.00252525,0.0252525,-0.00252525,0.00505051,-0.0126263,-0.0126263,-0.0353535,0.0909091,-0.0277778,-0.0126263,0.00505051,0.040404,0.0126263,-0.128788,0.189394,-0.0126263,-0.0353535,-0.0227273,0,-0.0353535,0.00252525,0.0782828,0,-0.0555556,-0.0631313,-0.00252525,0.010101,-0.0479798,0.0530303,0.0378788,0.0277778,-0.0353535,0.00252525,-0.0227273,-0.0227273,0.020202,0.030303,-0.00252525,0.010101
0,0,0.00828283,-0.000606061,-0.000909091,0.00444444,-0.00121212,-0.00333333,0.00737374,0.00767677,0.0030303,-0.000909091,-0.00464646,-0.00212121,0.00181818,-0.000909091,-0.000909091,-0.00181818,-0.0109091,-0.00151515,-0.000909091,-0.000606061,-0.00646465,-0.00272727,0.00656566,-0.0126263,0.0293939,0.00343434,-0.00171717,-0.00121212,0.00585859,0.00737374,-0.0118182,0,0.0115152,0.0132323,-0.00212121,0.00565657,0.0126263,-0.00757576,-0.00818182,-0.0089899,-0.00383838,-0.00030303,0.00313131,-0.00454545,-0.00363636,0.00484848,-0.000909091,-0.00121212
0,0,-0.0133333,-0.00444444,-0.00666667,-0.0246465,-0.00888889,0.0159596,-0.02,-0.00767677,0.0121212,0.00343434,-0.0408081,0.00464646,-0.0169697,0.0135354,0.0135354,0.0371717,-0.0294949,0.0292929,0.0135354,-0.00444444,-0.0541414,-0.02,-0.0191919,-0.0353535,0.00343434,0.173333,0.00424242,-0.00888889,0.039596,0.00020202,0.0446465,0,-0.0367677,-0.0208081,0.0147475,0.0145455,-0.0454545,0.0454545,0.0208081,0.0115152,-0.00121212,0.00787879,-0.0107071,-0.0030303,0.0238384,-0.0149495,0.0236364,0.0214141
0,0,-0.0135354,0.00222222,-0.00171717,-0.0735354,-0.0157576,0.00717172,0.0251515,-0.0214141,0.0292929,-0.0118182,-0.00989899,0.0128283,-0.0268687,0.00838384,-0.0118182,0.0167677,-0.0610101,0.0106061,0.0184848,0.00222222,-0.0436364,-0.00515152,0.135859,-0.0227273,-0.00171717,0.00424242,0.240303,0.0246465,0.0256566,0.00494949,-0.123333,0,0.0890909,-0.0805051,-0.0275758,-0.138586,-0.0176768,-0.0681818,-0.0659596,0.0750505,0.0814141,0.00616162,-0.060303,-0.00858586,-0.0371717,0.0125253,0.00838384,0.00444444
0,0,-0.00242424,-0.000808081,-0.00121212,-0.0210101,-0.00161616,0.00565657,-0.00363636,-0.00323232,0.0040404,-0.00121212,0.00727273,-0.00282828,0.00242424,-0.00121212,-0.00121212,-0.00242424,-0.0145455,-0.0020202,-0.00121212,-0.000808081,0.00484848,-0.00363636,-0.00808081,0,-0.00121212,-0.00888889,0.0246465,0.0387879,-0.00565657,0.0266667,-0.0157576,0,0.0153535,-0.00929293,-0.00282828,0.0109091,0.020202,-0.010101,0.0193939,0.0149495,-0.00848485,-0.00040404,-0.00929293,0.0242424,-0.00484848,-0.0137374,-0.00121212,0.00848485
0,0,-0.00848485,-0.00282828,-0.00424242,0.00727273,0.00444444,0.0248485,-0.0127273,-0.0113131,0.0040404,-0.00424242,-0.0452525,0.0305051,-0.0117172,0.0159596,-0.00424242,0.0319192,0.019798,0.0131313,0.0159596,-0.00282828,-0.0638384,-0.00262626,0.00707071,-0.0353535,0.00585859,0.039596,0.0256566,-0.00565657,0.121616,-0.00262626,-0.0450505,0,0.0436364,-0.0224242,0.00020202,-0.0577778,-0.0353535,-0.0353535,-0.0280808,0.0523232,0.0763636,-0.00141414,-0.0224242,-0.0212121,-0.0169697,0.0226263,-0.00424242,-0.00565657
0,0,-0.00545455,-0.00181818,-0.00272727,-0.0169697,-0.00363636,0.010202,0.00191919,0.00282828,-0.0010101,-0.00272727,-0.0139394,-0.00636364,0.00545455,-0.00272727,0.00737374,0.00464646,-0.0226263,0.00555556,-0.00272727,-0.00181818,0.000808081,-0.00818182,-0.0207071,0.00252525,0.00737374,0.00020202,0.00494949,0.0266667,-0.00262626,0.0827273,-0.0354545,0,0.0345455,0.029596,0.00373737,0.0270707,0.0479798,-0.0227273,0.0158586,0.00333333,-0.0115152,-0.000909091,-0.000707071,0.0166667,-0.000808081,-0.0157576,0.00737374,0.00646465
0,0,-0.0135354,0.00222222,-0.00171717,-0.00282828,0.00444444,-0.0433333,-0.0253535,-0.0214141,-0.0414141,0.00838384,0.0305051,-0.0275758,0.0135354,-0.00171717,-0.00171717,-0.0135354,0.050101,-0.019697,-0.0118182,0.00222222,0.0270707,-0.00515152,-0.157071,0.0782828,-0.0118182,0.0446465,-0.123333,-0.0157576,-0.0450505,-0.0354545,0.240303,0,-0.133131,-0.050202,0.0330303,0.0735354,-0.0984848,0.133838,0.12596,-0.0158586,-0.06,0.00616162,-0.040101,-0.0287879,0.0537374,0.0327273,0.00838384,0.0145455
0,0,0,0,0,0,0,0,0,0,0,0,0,0,0,0,0,0,0,0,0,0,0,0,0,0,0,0,0,0,0,0,0,0,0,0,0,0,0,0,0,0,0,0,0,0,0,0,0,0
0,0,0.00282828,-0.0125253,0.00141414,-0.0529293,0.00525253,0.0321212,0.0244444,-0.019798,0.0323232,0.00141414,-0.0185859,0.0167677,0.0173737,0.00141414,0.00141414,0.0230303,-0.0941414,0.00909091,0.0115152,0.00767677,-0.0157576,-0.0260606,0.0818182,-0.0555556,0.0115152,-0.0367677,0.0890909,0.0153535,0.0436364,0.0345455,-0.133131,0,0.23798,-0.00262626,-0.0337374,-0.13899,0.0454545,-0.146465,-0.128687,0.080202,0.156364,-0.00626263,-0.0228283,0.0272727,-0.0448485,-0.0210101,0.00141414,-0.0149495
0,0,0.0264646,-0.00464646,0.00313131,0.0610101,0.000808081,0.0249495,-0.000707071,0.0420202,0.0131313,0.00313131,-0.00868687,-0.00616162,0.0139394,-0.0069697,0.0132323,-0.00383838,-0.0129293,0.00858586,-0.0069697,-0.00464646,0.00767677,0.039697,0.0267677,-0.0631313,0.0132323,-0.0208081,-0.0805051,-0.00929293,-0.0224242,0.029596,-0.050202,0,-0.00262626,0.178889,0.0241414,0.110707,0.123737,-0.0479798,-0.0122222,-0.116061,-0.0563636,-0.00232323,0.0980808,0.0358586,-0.0177778,-0.0436364,0.00313131,-0.00929293
0,0,-0.00424242,-0.00141414,-0.00212121,0.0137374,-0.00282828,0.00232323,-0.00636364,-0.00565657,0.00707071,-0.00212121,0.00262626,-0.00494949,0.00424242,-0.00212121,0.0079798,0.00585859,0.0250505,0.00656566,-0.00212121,-0.00141414,-0.00161616,0.0138384,-0.0217172,-0.00252525,-0.00212121,0.0147475,-0.0275758,-0.00282828,0.00020202,0.00373737,0.0330303,0,-0.0337374,0.0241414,0.0657576,0.0266667,-0.0176768,0.0126263,0.0314141,-0.0142424,-0.0123232,-0.000707071,-0.0162626,-0.0106061,0.00161616,0.00121212,0.0079798,-0.00282828
0,0,0.0113131,0.00040404,-0.00444444,0.0711111,0.000808081,-0.0129293,-0.0133333,0.0319192,-0.0222222,0.00565657,0.0165657,-0.0238384,0.0290909,-0.00444444,0.00565657,-0.0290909,0.0577778,-0.0141414,-0.0145455,-0.00969697,0.0278788,0.0270707,-0.0868687,0.010101,0.00565657,0.0145455,-0.138586,0.0109091,-0.0577778,0.0270707,0.0735354,0,-0.13899,0.110707,0.0266667,0.252121,0.0909091,0.10101,0.121616,-0.133737,-0.182626,-0.00484848,0.0905051,0.0585859,0.0327273,-0.0436364,-0.0145455,0.0109091
0,0,0.0252525,-0.00505051,0.00252525,0.010101,0,0.0126263,0.0378788,0.040404,0.0151515,0.00252525,0.00505051,-0.00757576,0.0151515,-0.00757576,0.00252525,-0.0151515,-0.040404,-0.00252525,-0.00757576,-0.00505051,0.020202,0.0176768,0.0479798,-0.0479798,0.0126263,-0.0454545,-0.0176768,0.020202,-0.0353535,0.0479798,-0.0984848,0,0.0454545,0.123737,-0.0176768,0.0909091,0.189394,-0.0631313,-0.0378788,-0.0883838,-0.0656566,-0.00252525,0.0833333,0.0631313,-0.020202,-0.0505051,-0.00757576,0
0,0,-0.0151515,0.00505051,-0.00757576,-2.46716e-17,0,-0.0277778,-0.0126263,-0.010101,-0.0454545,0.00252525,0.00505051,-0.0176768,0.00505051,0.00252525,0.00252525,-0.0151515,0.0909091,-0.0126263,-0.00757576,-0.00505051,0.010101,-0.0126263,-0.0934343,0.0530303,-0.00757576,0.0454545,-0.0681818,-0.010101,-0.0353535,-0.0227273,0.133838,0,-0.146465,-0.0479798,0.0126263,0.10101,-0.0631313,0.189394,0.113636,-0.0277778,-0.106061,0.00757576,-0.0176768,-0.0277778,0.0606061,0.020202,0.00252525,0.020202
0,0,-0.0163636,0.00464646,-0.00818182,0.050101,-0.000808081,-0.019899,-0.0144444,-0.0218182,-0.0333333,0.00191919,0.00868687,-0.0190909,0.0163636,0.00191919,0.0120202,-0.00626263,0.0331313,-0.00353535,-0.00818182,-0.00545455,0.0226263,0.00575758,-0.102525,0.0378788,-0.00818182,0.0208081,-0.0659596,0.0193939,-0.0280808,0.0158586,0.12596,0,-0.128687,-0.0122222,0.0314141,0.121616,-0.0378788,0.113636,0.199091,-0.0607071,-0.105253,-0.00272727,-0.0122222,0.019697,0.0278788,-0.00686869,0.00191919,-0.000808081
0,0,-0.0280808,-0.0127273,0.00111111,-0.0783838,-0.00525253,-0.00939394,-0.00676768,-0.0206061,0.0232323,-0.0089899,-0.00666667,0.0160606,-0.00222222,0.0112121,-0.0089899,0.0123232,-0.00686869,-0.0116162,0.0112121,0.00747475,-0.0246465,-0.0168687,-0.00353535,0.0277778,-0.0089899,0.0115152,0.0750505,0.0149495,0.0523232,0.00333333,-0.0158586,0,0.080202,-0.116061,-0.0142424,-0.133737,-0.0883838,-0.0277778,-0.0607071,0.235455,0.141616,-0.00636364,-0.116061,-0.0449495,0.0448485,0.0513131,-0.0089899,0.00484848
0,0,-0.00767677,-0.00929293,0.00626263,-0.049697,0.00161616,0.019596,-0.0115152,-0.0270707,0.0262626,-0.00383838,-0.0274747,0.0381818,0.00767677,0.00626263,0.00626263,0.0327273,-0.0359596,0.0171717,0.00626263,0.0109091,-0.0250505,-0.0115152,0.0434343,-0.0353535,-0.00383838,-0.00121212,0.0814141,-0.00848485,0.0763636,-0.0115152,-0.06,0,0.156364,-0.0563636,-0.0123232,-0.182626,-0.0656566,-0.106061,-0.105253,0.141616,0.250909,-0.00464646,-0.0866667,-0.0494949,-0.0355556,0.0541414,0.00626263,-0.0185859
0,0,-0.000606061,-0.00020202,-0.00030303,-0.00525253,-0.00040404,-0.00111111,-0.000909091,-0.000808081,-0.00909091,-0.00030303,-0.00828283,-0.000707071,-0.00949495,-0.00030303,-0.00030303,-0.000606061,0.00646465,-0.000505051,-0.00030303,-0.00020202,-0.00888889,-0.000909091,-0.00454545,0.00252525,-0.00030303,0.00787879,0.00616162,-0.00040404,-0.00141414,-0.000909091,0.00616162,0,-0.00626263,-0.00232323,-0.000707071,-0.00484848,-0.00252525,0.00757576,-0.00272727,-0.00636364,-0.00464646,0.01,-0.00232323,-0.00151515,-0.00121212,-0.00848485,0.00979798,0.00969697
0,0,0.00626263,0.00545455,0.00313131,0.0509091,0.0109091,0.0148485,-0.0108081,0.0218182,0.0131313,0.00313131,0.00141414,-0.00616162,0.0139394,-0.0069697,0.00313131,-0.0139394,-0.00282828,-0.00151515,0.00313131,-0.00464646,-0.00242424,0.0194949,0.0166667,-0.0227273,0.00313131,-0.0107071,-0.060303,-0.00929293,-0.0224242,-0.000707071,-0.040101,0,-0.0228283,0.0980808,-0.0162626,0.0905051,0.0833333,-0.0176768,-0.0122222,-0.116061,-0.0866667,-0.00232323,0.178889,0.0661616,-0.0278788,-0.0739394,-0.0069697,-0.00929293
0,0,0.0010101,-0.0030303,-0.00454545,0.0323232,0.0040404,0.00353535,-0.00353535,-0.0121212,0.0151515,0.00555556,0.00707071,-0.000505051,0.00909091,-0.00454545,0.00555556,-0.00909091,-0.0343434,0.00252525,0.00555556,-0.0030303,-0.0020202,-0.00353535,0.0126263,-0.0227273,-0.00454545,-0.0030303,-0.00858586,0.0242424,-0.0212121,0.0166667,-0.0287879,0,0.0272727,0.0358586,-0.0106061,0.0585859,0.0631313,-0.0277778,0.019697,-0.0449495,-0.0494949,-0.00151515,0.0661616,0.128788,-0.0181818,-0.0969697,-0.00454545,0.0040404
0,0,-0.00727273,-0.00242424,-0.00363636,-0.00242424,-0.00484848,-0.00323232,-0.000808081,0.0105051,-0.00808081,-0.00363636,0.00161616,-0.00848485,0.00727273,0.00646465,0.00646465,-0.00727273,0.0270707,-0.00606061,-0.00363636,-0.00242424,0.0145455,-0.000808081,-0.0343434,0.020202,-0.00363636,0.0238384,-0.0371717,-0.00484848,-0.0169697,-0.000808081,0.0537374,0,-0.0448485,-0.0177778,0.00161616,0.0327273,-0.020202,0.0606061,0.0278788,0.0448485,-0.0355556,-0.00121212,-0.0278788,-0.0181818,0.106667,0.0193939,-0.00363636,0.0153535
0,0,-0.00040404,0.00323232,0.00484848,-0.0270707,-0.00363636,-0.0125253,0.00444444,0.0129293,-0.00606061,-0.00525253,0.0113131,0.00121212,0.00040404,0.00484848,-0.0153535,-0.00040404,0.0278788,-0.0121212,-0.00525253,0.00323232,0.0210101,0.00444444,-0.00808081,0.030303,0.00484848,-0.0149495,0.0125253,-0.0137374,0.0226263,-0.0157576,0.0327273,0,-0.0210101,-0.0436364,0.00121212,-0.0436364,-0.0505051,0.020202,-0.00686869,0.0513131,0.0541414,-0.00848485,-0.0739394,-0.0969697,0.0193939,0.135758,-0.0153535,-0.0137374
0,0,-0.00181818,-0.000606061,-0.000909091,-0.00565657,-0.00121212,0.00676768,-0.00272727,-0.00242424,-0.00707071,-0.000909091,-0.0147475,-0.00212121,-0.00828283,-0.000909091,0.00919192,0.00828283,-0.000808081,0.00858586,-0.000909091,-0.000606061,-0.00646465,-0.00272727,-0.0136364,-0.00252525,-0.000909091,0.0236364,0.00838384,-0.00121212,-0.00424242,0.00737374,0.00838384,0,0.00141414,0.00313131,0.0079798,-0.0145455,-0.00757576,0.00252525,0.00191919,-0.0089899,0.00626263,0.00979798,-0.0069697,-0.00454545,-0.00363636,-0.0153535,0.0293939,0.00888889
0,0,-0.00242424,-0.000808081,-0.00121212,-0.0210101,-0.00161616,-0.00444444,-0.00363636,0.00686869,-0.00606061,-0.00121212,-0.00282828,-0.00282828,-0.00767677,-0.00121212,-0.00121212,-0.00242424,0.0157576,-0.0020202,-0.00121212,-0.000808081,-0.00525253,-0.00363636,-0.0181818,0.010101,-0.00121212,0.0214141,0.00444444,0.00848485,-0.00565657,0.00646465,0.0145455,0,-0.0149495,-0.00929293,-0.00282828,0.0109091,0,0.020202,-0.000808081,0.00484848,-0.0185859,0.00969697,-0.00929293,0.0040404,0.0153535,-0.0137374,0.00888889,0.0387879
