0.0293939,-0.000606061,-0.000606061,0,-0.000606061,-0.00272727,-0.00030303,-0.00424242,-0.00030303,-0.00151515,0.0105051,-0.000606061,-0.010303,-0.00272727,-0.00131313,-0.00212121,0,0,-0.0118182,-0.00030303,-0.00181818,0,0.00212121,-0.000606061,0.0193939,0.000606061,-0.000606061,-0.00393939,0.0010101,-0.00030303,-0.00272727,-0.00030303,-0.00363636,-0.00151515,0.0184848,-0.00030303,-0.000606061,-0.000606061,-0.00181818,-0.000606061,-0.000606061,0.0154545,-0.00393939,-0.000909091,-0.0030303,0,0.00979798,-0.00505051,0.00888889,-0.000909091
-0.000606061,0.019798,-0.00040404,0,-0.00040404,-0.00181818,-0.00020202,-0.00282828,-0.00020202,-0.0010101,0.00363636,-0.00040404,0.00323232,-0.00181818,0.00585859,-0.00141414,0,0,-0.00787879,-0.00020202,-0.00121212,0,0.00141414,-0.00040404,0.0129293,0.00040404,-0.00040404,-0.00262626,0.0141414,-0.00020202,-0.00181818,-0.00020202,-0.00242424,-0.0010101,0.00222222,-0.00020202,-0.00040404,-0.00040404,-0.00121212,-0.00040404,-0.00040404,0.010303,-0.00262626,-0.000606061,-0.0020202,0,-0.00020202,-0.010101,0.00929293,-0.000606061
-0.000606061,-0.00040404,0.019798,0,-0.00040404,0.00828283,-0.00020202,-0.00282828,-0.00020202,-0.0010101,0.00363636,-0.00040404,0.00323232,-0.00181818,0.00585859,-0.00141414,0,0,0.00222222,-0.00020202,-0.00121212,0,-0.00868687,-0.00040404,0.00282828,0.00040404,-0.00040404,0.0175758,-0.00606061,-0.00020202,-0.00181818,-0.00020202,-0.00242424,-0.0010101,-0.00787879,-0.00020202,-0.00040404,-0.00040404,-0.00121212,-0.00040404,-0.00040404,0.00020202,-0.00262626,-0.000606061,-0.0020202,0,-0.00020202,0.010101,-0.000808081,-0.000606061
0,0,0,0,0,0,0,0,0,0,0,0,0,0,0,0,0,0,0,0,0,0,0,0,0,0,0,0,0,0,0,0,0,0,0,0,0,0,0,0,0,0,0,0,0,0,0,0,0,0
-0.000606061,-0.00040404,-0.00040404,0,0.019798,-0.00181818,-0.00020202,0.00727273,-0.00020202,-0.0010101,-0.00646465,-0.00040404,-0.00686869,-0.00181818,0.00585859,-0.00141414,0,0,0.00222222,-0.00020202,-0.00121212,0,0.00141414,-0.00040404,-0.00727273,0.00040404,-0.00040404,-0.00262626,-0.00606061,-0.00020202,0.00828283,-0.00020202,-0.00242424,-0.0010101,-0.00787879,-0.00020202,0.00969697,-0.00040404,-0.00121212,-0.00040404,-0.00040404,0.00020202,-0.00262626,-0.000606061,-0.0020202,0,-0.00020202,0.010101,-0.000808081,-0.000606061
-0.00272727,-0.00181818,0.00828283,0,-0.00181818,0.0827273,0.00919192,-0.00262626,-0.000909091,-0.00454545,0.0315152,-0.00181818,0.049899,-0.00818182,-0.0140404,-0.00636364,0,0,-0.0152525,-0.000909091,-0.00545455,0,-0.0239394,-0.00181818,0.00767677,0.00181818,-0.00181818,0.0285859,0.0030303,-0.000909091,-0.00818182,-0.000909091,-0.0109091,-0.00454545,-0.0152525,-0.000909091,-0.00181818,-0.00181818,-0.00545455,-0.00181818,-0.00181818,0.0261616,0.0184848,0.00737374,-0.00909091,0,-0.000909091,-0.00505051,-0.00363636,-0.00272727
-0.00030303,-0.00020202,-0.00020202,0,-0.00020202,0.00919192,0.01,-0.00141414,-0.00010101,-0.000505051,-0.00323232,-0.00020202,0.00666667,-0.000909091,0.00292929,-0.000707071,0,0,-0.00393939,-0.00010101,-0.000606061,0,0.000707071,-0.00020202,-0.00363636,0.00020202,-0.00020202,0.00878788,-0.0030303,-0.00010101,-0.000909091,-0.00010101,-0.00121212,-0.000505051,-0.00393939,-0.00010101,-0.00020202,-0.00020202,-0.000606061,-0.00020202,-0.00020202,0.00515152,0.00878788,-0.00030303,-0.0010101,0,-0.00010101,-0.00505051,-0.00040404,-0.00030303
-0.00424242,-0.00282828,-0.00282828,0,0.00727273,-0.00262626,-0.00141414,0.121616,-0.00141414,0.0030303,-0.0351515,0.00727273,-0.0379798,-0.0127273,0.0208081,0.0305051,0,0,-0.0551515,-0.00141414,0.00161616,0,0.00989899,-0.00282828,-0.0105051,-0.00727273,-0.00282828,-0.0183838,-0.0323232,-0.00141414,-0.0127273,0.00868687,0.0335354,-0.00707071,-0.00464646,0.00868687,0.00727273,-0.00282828,0.00161616,-0.00282828,-0.00282828,0.0317172,-0.00828283,-0.00424242,0.0363636,0,-0.00141414,-4.93432e-17,-0.00565657,0.00585859
-0.00030303,-0.00020202,-0.00020202,0,-0.00020202,-0.000909091,-0.00010101,-0.00141414,0.01,-0.000505051,0.00686869,-0.00020202,0.00666667,-0.000909091,0.00292929,-0.000707071,0,0,-0.00393939,-0.00010101,-0.000606061,0,0.000707071,-0.00020202,-0.00363636,0.00020202,-0.00020202,-0.00131313,-0.0030303,-0.00010101,-0.000909091,-0.00010101,0.00888889,-0.000505051,0.00616162,-0.00010101,-0.00020202,-0.00020202,-0.000606061,-0.00020202,-0.00020202,0.00515152,-0.00131313,-0.00030303,-0.0010101,0,-0.00010101,0.00505051,-0.00040404,-0.00030303
-0.00151515,-0.0010101,-0.0010101,0,-0.0010101,-0.00454545,-0.000505051,0.0030303,-0.000505051,0.0479798,-0.0161616,-0.0010101,-0.0171717,-0.00454545,0.0146465,-0.00353535,0,0,0.0207071,-0.000505051,-0.0030303,0,-0.0166667,-0.0010101,0.0222222,0.0010101,-0.0010101,-0.00656566,0.0252525,-0.000505051,-0.00454545,-0.000505051,0.0040404,-0.00252525,0.0106061,-0.000505051,-0.0010101,0.00909091,-0.0030303,-0.0010101,-0.0010101,0.0257576,-0.00656566,-0.00151515,0.00505051,0,-0.000505051,-0.0151515,-0.0020202,0.00858586
0.0105051,0.00363636,0.00363636,0,-0.00646465,0.0315152,-0.00323232,-0.0351515,0.00686869,-0.0161616,0.219798,-0.00646465,0.162828,-0.0290909,-0.0880808,-0.00242424,0,0,-0.11596,0.00686869,0.0210101,0,-0.0278788,0.00363636,0.0654545,0.00646465,0.00363636,0.0185859,0.0242424,-0.00323232,-0.0189899,-0.00323232,0.00161616,-0.00606061,0.0759596,-0.00323232,-0.00646465,0.00363636,-0.0193939,-0.00646465,0.00363636,0.0537374,0.0791919,0.00040404,-0.0323232,0,0.00686869,-0.0606061,-0.00282828,-0.00969697
-0.000606061,-0.00040404,-0.00040404,0,-0.00040404,-0.00181818,-0.00020202,0.00727273,-0.00020202,-0.0010101,-0.00646465,0.019798,-0.00686869,-0.00181818,0.00585859,0.00868687,0,0,0.00222222,-0.00020202,-0.00121212,0,0.00141414,-0.00040404,-0.00727273,0.00040404,-0.00040404,-0.00262626,-0.00606061,-0.00020202,-0.00181818,-0.00020202,-0.00242424,-0.0010101,-0.00787879,0.00989899,-0.00040404,-0.00040404,-0.00121212,-0.00040404,0.00969697,-0.00989899,-0.00262626,-0.000606061,0.00808081,0,-0.00020202,0,-0.000808081,-0.000606061
-0.010303,0.00323232,0.00323232,0,-0.00686869,0.049899,0.00666667,-0.0379798,0.00666667,-0.0171717,0.162828,-0.00686869,0.226667,0.019596,-0.0620202,-0.0139394,0,0,-0.0733333,0.00666667,0.019798,0,-0.0264646,0.0133333,0.0379798,0.00686869,0.00323232,0.0361616,0.0383838,-0.00343434,-0.000606061,-0.00343434,-0.0109091,-0.00707071,0.0276768,-0.00343434,-0.00686869,0.00323232,0.00969697,-0.00686869,0.00323232,0.0438384,0.0765657,-0.00020202,-0.0343434,0,-0.00343434,-0.0909091,-0.00363636,-0.010303
-0.00272727,-0.00181818,-0.00181818,0,-0.00181818,-0.00818182,-0.000909091,-0.0127273,-0.000909091,-0.00454545,-0.0290909,-0.00181818,0.019596,0.0827273,0.0263636,-0.00636364,0,0,0.0554545,-0.000909091,-0.00545455,0,0.00636364,0.00828283,-0.0226263,0.00181818,-0.00181818,-0.0118182,0.0232323,0.00919192,0.0221212,-0.000909091,-0.0109091,0.00555556,-0.0253535,-0.000909091,-0.00181818,-0.00181818,0.0450505,-0.00181818,-0.00181818,-0.0243434,-0.0118182,0.00737374,0.0010101,0,-0.000909091,-0.0151515,-0.00363636,-0.00272727
-0.00131313,0.00585859,0.00585859,0,0.00585859,-0.0140404,0.00292929,0.0208081,0.00292929,0.0146465,-0.0880808,0.00585859,-0.0620202,0.0263636,0.20798,0.00030303,0,0,0.0940404,-0.00717172,-0.0228283,0,-0.0205051,0.00585859,-0.0662626,-0.00585859,-0.0143434,0.0279798,-0.0333333,0.00292929,0.0162626,-0.00717172,0.0149495,0.0146465,-0.10798,0.00292929,-0.00424242,-0.00424242,0.0175758,-0.00424242,0.00585859,-0.0483838,-0.0528283,-0.0114141,0.0191919,0,0.00292929,0.0555556,-0.00848485,-0.00131313
-0.00212121,-0.00141414,-0.00141414,0,-0.00141414,-0.00636364,-0.000707071,0.0305051,-0.000707071,-0.00353535,-0.00242424,0.00868687,-0.0139394,-0.00636364,0.00030303,0.0657576,0,0,-0.0174747,-0.000707071,-0.00424242,0,0.00494949,-0.00141414,0.0149495,0.00141414,-0.00141414,-0.00919192,-0.0010101,-0.000707071,0.00373737,-0.000707071,-0.00848485,-0.00353535,-0.00737374,-0.000707071,-0.00141414,-0.00141414,0.00585859,-0.00141414,0.00868687,0.0158586,-0.00919192,-0.00212121,0.0030303,0,-0.000707071,-0.0252525,-0.00282828,-0.00212121
0,0,0,0,0,0,0,0,0,0,0,0,0,0,0,0,0,0,0,0,0,0,0,0,0,0,0,0,0,0,0,0,0,0,0,0,0,0,0,0,0,0,0,0,0,0,0,0,0,0
0,0,0,0,0,0,0,0,0,0,0,0,0,0,0,0,0,0,0,0,0,0,0,0,0,0,0,0,0,0,0,0,0,0,0,0,0,0,0,0,0,0,0,0,0,0,0,0,0,0
-0.0118182,-0.00787879,0.00222222,0,0.00222222,-0.0152525,-0.00393939,-0.0551515,-0.00393939,0.0207071,-0.11596,0.00222222,-0.0733333,0.0554545,0.0940404,-0.0174747,0,0,0.240303,-0.00393939,-0.0135354,0,0.00737374,0.00222222,-0.0913131,0.00787879,-0.00787879,-0.0108081,-0.0171717,0.00616162,0.0352525,-0.00393939,-0.0169697,0.0207071,-0.0930303,-0.00393939,0.00222222,0.00222222,0.0268687,-0.00787879,0.00222222,-0.132424,-0.0512121,0.00838384,-0.0191919,0,-0.00393939,0.0959596,-0.0157576,-0.00171717
-0.00030303,-0.00020202,-0.00020202,0,-0.00020202,-0.000909091,-0.00010101,-0.00141414,-0.00010101,-0.000505051,0.00686869,-0.00020202,0.00666667,-0.000909091,-0.00717172,-0.000707071,0,0,-0.00393939,0.01,0.00949495,0,0.000707071,-0.00020202,-0.00363636,0.00020202,-0.00020202,-0.00131313,-0.0030303,-0.00010101,-0.000909091,-0.00010101,0.00888889,-0.000505051,0.00616162,-0.00010101,-0.00020202,-0.00020202,-0.000606061,-0.00020202,-0.00020202,-0.00494949,0.00878788,-0.00030303,-0.0010101,0,-0.00010101,-0.00505051,-0.00040404,-0.00030303
-0.00181818,-0.00121212,-0.00121212,0,-0.00121212,-0.00545455,-0.000606061,0.00161616,-0.000606061,-0.0030303,0.0210101,-0.00121212,0.019798,-0.00545455,-0.0228283,-0.00424242,0,0,-0.0135354,0.00949495,0.0569697,0,0.00424242,-0.00121212,-0.0117172,0.00121212,0.00888889,0.00222222,-0.0181818,-0.000606061,-0.00545455,-0.000606061,0.0230303,-0.0030303,0.0268687,-0.000606061,-0.00121212,-0.00121212,-0.00363636,-0.00121212,-0.00121212,-0.00949495,0.0325253,-0.00181818,-0.00606061,0,-0.000606061,0,-0.00242424,-0.00181818
0,0,0,0,0,0,0,0,0,0,0,0,0,0,0,0,0,0,0,0,0,0,0,0,0,0,0,0,0,0,0,0,0,0,0,0,0,0,0,0,0,0,0,0,0,0,0,0,0,0
0.00212121,0.00141414,-0.00868687,0,0.00141414,-0.0239394,0.000707071,0.00989899,0.000707071,-0.0166667,-0.0278788,0.00141414,-0.0264646,0.00636364,-0.0205051,0.00494949,0,0,0.00737374,0.000707071,0.00424242,0,0.0657576,-0.00868687,-0.0452525,-0.00141414,0.00141414,-0.0312121,-0.0191919,0.000707071,0.00636364,0.000707071,0.00848485,0.00353535,-0.00272727,0.000707071,0.00141414,0.00141414,0.00424242,0.00141414,0.00141414,-0.0360606,-0.000909091,0.00212121,-0.0030303,0,0.000707071,0.00505051,0.00282828,0.00212121
-0.000606061,-0.00040404,-0.00040404,0,-0.00040404,-0.00181818,-0.00020202,-0.00282828,-0.00020202,-0.0010101,0.00363636,-0.00040404,0.0133333,0.00828283,0.00585859,-0.00141414,0,0,0.00222222,-0.00020202,-0.00121212,0,-0.00868687,0.019798,0.00282828,0.00040404,-0.00040404,0.00747475,0.0040404,-0.00020202,0.00828283,-0.00020202,-0.00242424,-0.0010101,-0.00787879,-0.00020202,-0.00040404,-0.00040404,0.00888889,-0.00040404,-0.00040404,0.00020202,-0.00262626,-0.000606061,-0.0020202,0,-0.00020202,0,-0.000808081,-0.000606061
0.0193939,0.0129293,0.00282828,0,-0.00727273,0.00767677,-0.00363636,-0.0105051,-0.00363636,0.0222222,0.0654545,-0.00727273,0.0379798,-0.0226263,-0.0662626,0.0149495,0,0,-0.0913131,-0.00363636,-0.0117172,0,-0.0452525,0.00282828,0.232727,0.00727273,0.00282828,0.00323232,0.0727273,-0.00363636,-0.0226263,-0.00363636,-0.0436364,-0.0181818,0.060202,-0.00363636,-0.00727273,0.0129293,-0.0117172,0.00282828,0.00282828,0.155152,-0.0169697,-0.000808081,-0.00606061,0,0.00646465,-0.0808081,0.0157576,0.0193939
0.000606061,0.00040404,0.00040404,0,0.00040404,0.00181818,0.00020202,-0.00727273,0.00020202,0.0010101,0.00646465,0.00040404,0.00686869,0.00181818,-0.00585859,0.00141414,0,0,0.00787879,0.00020202,0.00121212,0,-0.00141414,0.00040404,0.00727273,0.019798,0.00040404,0.00262626,0.00606061,0.00020202,0.00181818,0.00020202,-0.00767677,0.0010101,-0.00222222,0.00020202,0.00040404,0.00040404,0.00121212,0.00040404,0.00040404,-0.00020202,0.00262626,0.000606061,-0.00808081,0,0.00020202,-1.36675e-18,0.000808081,0.000606061
-0.000606061,-0.00040404,-0.00040404,0,-0.00040404,-0.00181818,-0.00020202,-0.00282828,-0.00020202,-0.0010101,0.00363636,-0.00040404,0.00323232,-0.00181818,-0.0143434,-0.00141414,0,0,-0.00787879,-0.00020202,0.00888889,0,0.00141414,-0.00040404,0.00282828,0.00040404,0.019798,-0.00262626,-0.00606061,-0.00020202,-0.00181818,-0.00020202,-0.00242424,-0.0010101,0.0123232,-0.00020202,-0.00040404,-0.00040404,-0.00121212,-0.00040404,-0.00040404,0.00020202,0.00747475,-0.000606061,-0.0020202,0,-0.00020202,0,-0.000808081,-0.000606061
-0.00393939,-0.00262626,0.0175758,0,-0.00262626,0.0285859,0.00878788,-0.0183838,-0.00131313,-0.00656566,0.0185859,-0.00262626,0.0361616,-0.0118182,0.0279798,-0.00919192,0,0,-0.0108081,-0.00131313,0.00222222,0,-0.0312121,0.00747475,0.00323232,0.00262626,-0.00262626,0.114242,-0.0191919,-0.00131313,-0.0118182,-0.00131313,-0.0157576,-0.00656566,-0.0310101,-0.00131313,-0.00262626,-0.00262626,-0.00787879,-0.00262626,-0.00262626,0.00636364,0.00313131,-0.00393939,-0.0131313,0,-0.00131313,0.0252525,-0.00525253,-0.00393939
0.0010101,0.0141414,-0.00606061,0,-0.00606061,0.0030303,-0.0030303,-0.0323232,-0.0030303,0.0252525,0.0242424,-0.00606061,0.0383838,0.0232323,-0.0333333,-0.0010101,0,0,-0.0171717,-0.0030303,-0.0181818,0,-0.0191919,0.0040404,0.0727273,0.00606061,-0.00606061,-0.0191919,0.212121,0.00707071,0.0232323,-0.0030303,-0.0363636,-0.00505051,0.0333333,-0.0030303,-0.00606061,0.0040404,0.0222222,0.0141414,0.0040404,0.0535354,0.0111111,0.0010101,2.51201e-18,0,-0.0030303,-0.131313,0.00808081,0.0010101
-0.00030303,-0.00020202,-0.00020202,0,-0.00020202,-0.000909091,-0.00010101,-0.00141414,-0.00010101,-0.000505051,-0.00323232,-0.00020202,-0.00343434,0.00919192,0.00292929,-0.000707071,0,0,0.00616162,-0.00010101,-0.000606061,0,0.000707071,-0.00020202,-0.00363636,0.00020202,-0.00020202,-0.00131313,0.00707071,0.01,-0.000909091,-0.00010101,-0.00121212,-0.000505051,-0.00393939,-0.00010101,-0.00020202,-0.00020202,-0.000606061,-0.00020202,-0.00020202,-0.00494949,-0.00131313,0.00979798,0.00909091,0,-0.00010101,-0.00505051,-0.00040404,-0.00030303
-0.00272727,-0.00181818,-0.00181818,0,0.00828283,-0.00818182,-0.000909091,-0.0127273,-0.000909091,-0.00454545,-0.0189899,-0.00181818,-0.000606061,0.0221212,0.0162626,0.00373737,0,0,0.0352525,-0.000909091,-0.00545455,0,0.00636364,0.00828283,-0.0226263,0.00181818,-0.00181818,-0.0118182,0.0232323,-0.000909091,0.0827273,-0.000909091,0.0193939,0.00555556,0.00494949,-0.000909091,0.00828283,-0.00181818,0.0248485,0.00828283,-0.00181818,-0.0243434,-0.0118182,-0.00272727,-0.00909091,0,-0.000909091,-0.00505051,-0.00363636,-0.00272727
-0.00030303,-0.00020202,-0.00020202,0,-0.00020202,-0.000909091,-0.00010101,0.00868687,-0.00010101,-0.000505051,-0.00323232,-0.00020202,-0.00343434,-0.000909091,-0.00717172,-0.000707071,0,0,-0.00393939,-0.00010101,-0.000606061,0,0.000707071,-0.00020202,-0.00363636,0.00020202,-0.00020202,-0.00131313,-0.0030303,-0.00010101,-0.000909091,0.01,-0.00121212,-0.000505051,-0.00393939,-0.00010101,0.00989899,-0.00020202,-0.000606061,-0.00020202,-0.00020202,-0.00494949,-0.00131313,-0.00030303,0.00909091,0,-0.00010101,-0.00505051,-0.00040404,-0.00030303
-0.00363636,-0.00242424,-0.00242424,0,-0.00242424,-0.0109091,-0.00121212,0.0335354,0.00888889,0.0040404,0.00161616,-0.00242424,-0.0109091,-0.0109091,0.0149495,-0.00848485,0,0,-0.0169697,0.00888889,0.0230303,0,0.00848485,-0.00242424,-0.0436364,-0.00767677,-0.00242424,-0.0157576,-0.0363636,-0.00121212,0.0193939,-0.00121212,0.106667,0.0040404,0.0739394,-0.00121212,-0.00242424,-0.00242424,-0.00727273,-0.00242424,-0.00242424,0.0113131,0.0145455,-0.00363636,-0.0020202,0,-0.00121212,0.0505051,-0.00484848,-0.00363636
-0.00151515,-0.0010101,-0.0010101,0,-0.0010101,-0.00454545,-0.000505051,-0.00707071,-0.000505051,-0.00252525,-0.00606061,-0.0010101,-0.00707071,0.00555556,0.0146465,-0.00353535,0,0,0.0207071,-0.000505051,-0.0030303,0,0.00353535,-0.0010101,-0.0181818,0.0010101,-0.0010101,-0.00656566,-0.00505051,-0.000505051,0.00555556,-0.000505051,0.0040404,0.0479798,-0.00959596,-0.000505051,-0.0010101,-0.0010101,0.00707071,-0.0010101,-0.0010101,-0.0247475,0.00353535,-0.00151515,-0.00505051,0,-0.000505051,0.0151515,-0.0020202,-0.00151515
0.0184848,0.00222222,-0.00787879,0,-0.00787879,-0.0152525,-0.00393939,-0.00464646,0.00616162,0.0106061,0.0759596,-0.00787879,0.0276768,-0.0253535,-0.10798,-0.00737374,0,0,-0.0930303,0.00616162,0.0268687,0,-0.00272727,-0.00787879,0.060202,-0.00222222,0.0123232,-0.0310101,0.0333333,-0.00393939,0.00494949,-0.00393939,0.0739394,-0.00959596,0.240303,-0.00393939,-0.00787879,-0.00787879,-0.0236364,-0.00787879,-0.00787879,0.089798,0.039697,-0.0118182,-0.0191919,0,0.00616162,-0.0353535,0.0145455,-0.00171717
-0.00030303,-0.00020202,-0.00020202,0,-0.00020202,-0.000909091,-0.00010101,0.00868687,-0.00010101,-0.000505051,-0.00323232,0.00989899,-0.00343434,-0.000909091,0.00292929,-0.000707071,0,0,-0.00393939,-0.00010101,-0.000606061,0,0.000707071,-0.00020202,-0.00363636,0.00020202,-0.00020202,-0.00131313,-0.0030303,-0.00010101,-0.000909091,-0.00010101,-0.00121212,-0.000505051,-0.00393939,0.01,-0.00020202,-0.00020202,-0.000606061,-0.00020202,-0.00020202,-0.00494949,-0.00131313,-0.00030303,0.00909091,0,-0.00010101,-0.00505051,-0.00040404,-0.00030303
-0.000606061,-0.00040404,-0.00040404,0,0.00969697,-0.00181818,-0.00020202,0.00727273,-0.00020202,-0.0010101,-0.00646465,-0.00040404,-0.00686869,-0.00181818,-0.00424242,-0.00141414,0,0,0.00222222,-0.00020202,-0.00121212,0,0.00141414,-0.00040404,-0.00727273,0.00040404,-0.00040404,-0.00262626,-0.00606061,-0.00020202,0.00828283,0.00989899,-0.00242424,-0.0010101,-0.00787879,-0.00020202,0.019798,-0.00040404,-0.00121212,-0.00040404,-0.00040404,-0.00989899,-0.00262626,-0.000606061,0.00808081,0,-0.00020202,0,-0.000808081,-0.000606061
-0.000606061,-0.00040404,-0.00040404,0,-0.00040404,-0.00181818,-0.00020202,-0.00282828,-0.00020202,0.00909091,0.00363636,-0.00040404,0.00323232,-0.00181818,-0.00424242,-0.00141414,0,0,0.00222222,-0.00020202,-0.00121212,0,0.00141414,-0.00040404,0.0129293,0.00040404,-0.00040404,-0.00262626,0.0040404,-0.00020202,-0.00181818,-0.00020202,-0.00242424,-0.0010101,-0.00787879,-0.00020202,-0.00040404,0.019798,-0.00121212,-0.00040404,-0.00040404,0.010303,-0.00262626,0.00949495,-0.0020202,0,-0.00020202,-0.010101,-0.000808081,-0.000606061
-0.00181818,-0.00121212,-0.00121212,0,-0.00121212,-0.00545455,-0.000606061,0.00161616,-0.000606061,-0.0030303,-0.0193939,-0.00121212,0.00969697,0.0450505,0.0175758,0.00585859,0,0,0.0268687,-0.000606061,-0.00363636,0,0.00424242,0.00888889,-0.0117172,0.00121212,-0.00121212,-0.00787879,0.0222222,-0.000606061,0.0248485,-0.000606061,-0.00727273,0.00707071,-0.0236364,-0.000606061,-0.00121212,-0.00121212,0.0569697,-0.00121212,-0.00121212,-0.029697,-0.00787879,-0.00181818,0.0040404,0,-0.000606061,-0.010101,-0.00242424,-0.00181818
-0.000606061,-0.00040404,-0.00040404,0,-0.00040404,-0.00181818,-0.00020202,-0.00282828,-0.00020202,-0.0010101,-0.00646465,-0.00040404,-0.00686869,-0.00181818,-0.00424242,-0.00141414,0,0,-0.00787879,-0.00020202,-0.00121212,0,0.00141414,-0.00040404,0.00282828,0.00040404,-0.00040404,-0.00262626,0.0141414,-0.00020202,0.00828283,-0.00020202,-0.00242424,-0.0010101,-0.00787879,-0.00020202,-0.00040404,-0.00040404,-0.00121212,0.019798,-0.00040404,0.010303,-0.00262626,-0.000606061,-0.0020202,0,-0.00020202,-0.010101,-0.000808081,-0.000606061
-0.000606061,-0.00040404,-0.00040404,0,-0.00040404,-0.00181818,-0.00020202,-0.00282828,-0.00020202,-0.0010101,0.00363636,0.00969697,0.00323232,-0.00181818,0.00585859,0.00868687,0,0,0.00222222,-0.00020202,-0.00121212,0,0.00141414,-0.00040404,0.00282828,0.00040404,-0.00040404,-0.00262626,0.0040404,-0.00020202,-0.00181818,-0.00020202,-0.00242424,-0.0010101,-0.00787879,-0.00020202,-0.00040404,-0.00040404,-0.00121212,-0.00040404,0.019798,0.00020202,-0.00262626,-0.000606061,-0.0020202,0,-0.00020202,0,-0.000808081,-0.000606061
0.0154545,0.010303,0.00020202,0,0.00020202,0.0261616,0.00515152,0.0317172,0.00515152,0.0257576,0.0537374,-0.00989899,0.0438384,-0.0243434,-0.0483838,0.0158586,0,0,-0.132424,-0.00494949,-0.00949495,0,-0.0360606,0.00020202,0.155152,-0.00020202,0.00020202,0.00636364,0.0535354,-0.00494949,-0.0243434,-0.00494949,0.0113131,-0.0247475,0.089798,-0.00494949,-0.00989899,0.010303,-0.029697,0.010303,0.00020202,0.252424,-0.0239394,-0.00474747,-0.0292929,0,0.00515152,-0.0656566,0.0105051,0.00535354
-0.00393939,-0.00262626,-0.00262626,0,-0.00262626,0.0184848,0.00878788,-0.00828283,-0.00131313,-0.00656566,0.0791919,-0.00262626,0.0765657,-0.0118182,-0.0528283,-0.00919192,0,0,-0.0512121,0.00878788,0.0325253,0,-0.000909091,-0.00262626,-0.0169697,0.00262626,0.00747475,0.00313131,0.0111111,-0.00131313,-0.0118182,-0.00131313,0.0145455,0.00353535,0.039697,-0.00131313,-0.00262626,-0.00262626,-0.00787879,-0.00262626,-0.00262626,-0.0239394,0.114242,-0.00393939,-0.0131313,0,-0.00131313,-0.0353535,-0.00525253,-0.00393939
-0.000909091,-0.000606061,-0.000606061,0,-0.000606061,0.00737374,-0.00030303,-0.00424242,-0.00030303,-0.00151515,0.00040404,-0.000606061,-0.00020202,0.00737374,-0.0114141,-0.00212121,0,0,0.00838384,-0.00030303,-0.00181818,0,0.00212121,-0.000606061,-0.000808081,0.000606061,-0.000606061,-0.00393939,0.0010101,0.00979798,-0.00272727,-0.00030303,-0.00363636,-0.00151515,-0.0118182,-0.00030303,-0.000606061,0.00949495,-0.00181818,-0.000606061,-0.000606061,-0.00474747,-0.00393939,0.0293939,0.00707071,0,-0.00030303,-0.00505051,-0.00121212,-0.000909091
-0.0030303,-0.0020202,-0.0020202,0,-0.0020202,-0.00909091,-0.0010101,0.0363636,-0.0010101,0.00505051,-0.0323232,0.00808081,-0.0343434,0.0010101,0.0191919,0.0030303,0,0,-0.0191919,-0.0010101,-0.00606061,0,-0.0030303,-0.0020202,-0.00606061,-0.00808081,-0.0020202,-0.0131313,2.51201e-18,0.00909091,-0.00909091,0.00909091,-0.0020202,-0.00505051,-0.0191919,0.00909091,0.00808081,-0.0020202,0.0040404,-0.0020202,-0.0020202,-0.0292929,-0.0131313,0.00707071,0.0909091,0,-0.0010101,-0.040404,-0.0040404,0.00707071
0,0,0,0,0,0,0,0,0,0,0,0,0,0,0,0,0,0,0,0,0,0,0,0,0,0,0,0,0,0,0,0,0,0,0,0,0,0,0,0,0,0,0,0,0,0,0,0,0,0
0.00979798,-0.00020202,-0.00020202,0,-0.00020202,-0.000909091,-0.00010101,-0.00141414,-0.00010101,-0.000505051,0.00686869,-0.00020202,-0.00343434,-0.000909091,0.00292929,-0.000707071,0,0,-0.00393939,-0.00010101,-0.000606061,0,0.000707071,-0.00020202,0.00646465,0.00020202,-0.00020202,-0.00131313,-0.0030303,-0.00010101,-0.000909091,-0.00010101,-0.00121212,-0.000505051,0.00616162,-0.00010101,-0.00020202,-0.00020202,-0.000606061,-0.00020202,-0.00020202,0.00515152,-0.00131313,-0.00030303,-0.0010101,0,0.01,0.00505051,-0.00040404,-0.00030303
-0.00505051,-0.010101,0.010101,0,0.010101,-0.00505051,-0.00505051,-4.93432e-17,0.00505051,-0.0151515,-0.0606061,0,-0.0909091,-0.0151515,0.0555556,-0.0252525,0,0,0.0959596,-0.00505051,0,0,0.00505051,0,-0.0808081,-1.36675e-18,0,0.0252525,-0.131313,-0.00505051,-0.00505051,-0.00505051,0.0505051,0.0151515,-0.0353535,-0.00505051,0,-0.010101,-0.010101,-0.010101,0,-0.0656566,-0.0353535,-0.00505051,-0.040404,0,0.00505051,0.252525,-0.010101,-0.00505051
0.00888889,0.00929293,-0.000808081,0,-0.000808081,-0.00363636,-0.00040404,-0.00565657,-0.00040404,-0.0020202,-0.00282828,-0.000808081,-0.00363636,-0.00363636,-0.00848485,-0.00282828,0,0,-0.0157576,-0.00040404,-0.00242424,0,0.00282828,-0.000808081,0.0157576,0.000808081,-0.000808081,-0.00525253,0.00808081,-0.00040404,-0.00363636,-0.00040404,-0.00484848,-0.0020202,0.0145455,-0.00040404,-0.000808081,-0.000808081,-0.00242424,-0.000808081,-0.000808081,0.0105051,-0.00525253,-0.00121212,-0.0040404,0,-0.00040404,-0.010101,0.0387879,-0.00121212
-0.000909091,-0.000606061,-0.000606061,0,-0.000606061,-0.00272727,-0.00030303,0.00585859,-0.00030303,0.00858586,-0.00969697,-0.000606061,-0.010303,-0.00272727,-0.00131313,-0.00212121,0,0,-0.00171717,-0.00030303,-0.00181818,0,0.00212121,-0.000606061,0.0193939,0.000606061,-0.000606061,-0.00393939,0.0010101,-0.00030303,-0.00272727,-0.00030303,-0.00363636,-0.00151515,-0.00171717,-0.00030303,-0.000606061,-0.000606061,-0.00181818,-0.000606061,-0.000606061,0.00535354,-0.00393939,-0.000909091,0.00707071,0,-0.00030303,-0.00505051,-0.00121212,0.0293939
