0.01,0,-0.00020202,-0.00030303,-0.00020202,0.00575758,-0.00030303,-0.000707071,-0.000909091,-0.000505051,-0.00747475,-0.00020202,0.00141414,0.00929293,0.00353535,-0.00040404,-0.00030303,-0.000808081,0.00757576,-0.00010101,-0.00020202,0,0.000606061,-0.00020202,-0.00656566,-0.00909091,-0.00020202,-0.000505051,-0.00474747,-0.00030303,0.00828283,-0.00020202,-0.00171717,-0.00010101,0.00616162,-0.000909091,-0.00020202,-0.000707071,-0.00121212,-0.000606061,-0.00030303,0.00242424,-0.000808081,-0.000606061,-0.00131313,-0.000606061,-0.00040404,-0.00737374,-0.00030303,-0.000909091
0,0,0,0,0,0,0,0,0,0,0,0,0,0,0,0,0,0,0,0,0,0,0,0,0,0,0,0,0,0,0,0,0,0,0,0,0,0,0,0,0,0,0,0,0,0,0,0,0,0
-0.00020202,0,0.019798,0.00949495,0.00969697,0.0115152,-0.000606061,-0.00141414,-0.00181818,-0.0010101,0.00525253,-0.00040404,0.00282828,-0.00161616,-0.0131313,-0.000808081,-0.000606061,-0.00161616,0.00505051,-0.00020202,-0.00040404,0,-0.00888889,-0.00040404,-0.0030303,0.0020202,-0.00040404,0.00909091,0.0107071,0.00949495,-0.00363636,-0.00040404,0.00666667,-0.00020202,-0.00787879,-0.00181818,-0.00040404,-0.00141414,-0.00242424,-0.00121212,0.00949495,0.00484848,-0.00161616,-0.00121212,-0.00262626,-0.00121212,-0.000808081,-0.00464646,-0.000606061,0.00828283
-0.00030303,0,0.00949495,0.0293939,0.00949495,0.0172727,-0.000909091,-0.00212121,-0.00272727,-0.00151515,0.00787879,-0.000606061,0.00424242,-0.00242424,-0.019697,-0.00121212,-0.000909091,-0.00242424,-0.00757576,-0.00030303,0.00949495,0,0.00181818,-0.000606061,0.0106061,0.0030303,-0.000606061,-0.00151515,0.0059596,-0.000909091,-0.00545455,0.00949495,-0.00515152,-0.00030303,-0.0118182,-0.00272727,-0.000606061,-0.00212121,-0.00363636,-0.00181818,0.00919192,0.00727273,-0.00242424,-0.00181818,-0.00393939,-0.00181818,-0.00121212,0.00818182,-0.000909091,-0.00272727
-0.00020202,0,0.00969697,0.00949495,0.019798,0.0115152,-0.000606061,-0.00141414,-0.00181818,-0.0010101,0.00525253,-0.00040404,0.00282828,-0.00161616,-0.0131313,-0.000808081,-0.000606061,-0.00161616,-0.00505051,-0.00020202,-0.00040404,0,0.00121212,-0.00040404,0.00707071,0.0020202,-0.00040404,-0.0010101,0.0107071,-0.000606061,-0.00363636,-0.00040404,-0.00343434,-0.00020202,-0.00787879,-0.00181818,-0.00040404,-0.00141414,-0.00242424,-0.00121212,0.00949495,0.00484848,-0.00161616,-0.00121212,-0.00262626,-0.00121212,-0.000808081,0.00545455,-0.000606061,-0.00181818
0.00575758,0,0.0115152,0.0172727,0.0115152,0.247576,0.00717172,-0.020303,0.00131313,-0.00151515,0.0523232,-0.00868687,0.0608081,0.00565657,-0.130808,0.00282828,0.00717172,-0.0145455,0.00252525,-0.00434343,0.00141414,0,-0.00424242,0.00141414,0.0207071,0.0131313,0.00141414,0.0287879,0.0281818,-0.00292929,-0.0377778,0.00141414,-0.0132323,-0.00434343,-0.0582828,-0.00878788,0.0115152,-0.020303,-0.0319192,-0.00585859,-0.00292929,0.0133333,-0.0246465,-0.00585859,0.00414141,-0.0260606,0.00282828,0.0263636,-0.00292929,-0.0188889
-0.00030303,0,-0.000606061,-0.000909091,-0.000606061,0.00717172,0.0293939,-0.00212121,-0.00272727,-0.00151515,0.00787879,-0.000606061,0.00424242,0.00767677,0.0106061,-0.00121212,-0.000909091,-0.00242424,0.00252525,-0.00030303,-0.000606061,0,0.00181818,-0.000606061,0.000505051,-0.00707071,-0.000606061,-0.00151515,-0.0142424,-0.000909091,0.00464646,-0.000606061,-0.00515152,-0.00030303,0.00838384,-0.00272727,-0.000606061,-0.00212121,-0.00363636,-0.00181818,-0.000909091,-0.00282828,-0.00242424,-0.00181818,0.00616162,-0.00181818,-0.00121212,-0.00191919,-0.000909091,-0.00272727
-0.000707071,0,-0.00141414,-0.00212121,-0.00141414,-0.020303,-0.00212121,0.0657576,-0.00636364,-0.00353535,-0.0422222,-0.00141414,-0.0507071,0.0145455,-0.00555556,-0.00282828,-0.00212121,-0.00565657,-0.00757576,-0.000707071,-0.00141414,0,0.00424242,-0.00141414,-0.0257576,-0.0131313,-0.00141414,-0.00353535,-0.0231313,-0.00212121,-0.0127273,-0.00141414,0.0283838,-0.000707071,0.0330303,0.0138384,-0.00141414,0.0152525,0.0117172,-0.00424242,-0.00212121,-0.00323232,0.0347475,0.00585859,-0.00919192,-0.00424242,-0.00282828,0.0089899,0.0079798,0.0138384
-0.000909091,0,-0.00181818,-0.00272727,-0.00181818,0.00131313,-0.00272727,-0.00636364,0.0827273,-0.00454545,-0.0167677,-0.00181818,0.0127273,-0.00727273,0.0318182,0.00646465,0.00737374,-0.00727273,0.0176768,-0.000909091,-0.00181818,0,0.00545455,-0.00181818,-0.00858586,0.00909091,-0.00181818,-0.00454545,-0.0225253,-0.00272727,-0.0163636,-0.00181818,-0.0154545,-0.000909091,-0.0152525,-0.00818182,-0.00181818,-0.00636364,-0.000808081,0.00464646,-0.00272727,0.00161616,-0.00727273,-0.00545455,-0.00171717,0.00464646,-0.00363636,0.00434343,-0.00272727,0.00191919
-0.000505051,0,-0.0010101,-0.00151515,-0.0010101,-0.00151515,-0.00151515,-0.00353535,-0.00454545,0.0479798,0.0030303,-0.0010101,-0.0030303,-0.0040404,-0.00252525,0.00808081,0.00858586,0.00606061,-0.00252525,-0.000505051,-0.0010101,0,0.0030303,-0.0010101,-0.00252525,0.00505051,-0.0010101,-0.00252525,0.00656566,-0.00151515,0.0111111,-0.0010101,0.00151515,-0.000505051,0.000505051,0.00555556,-0.0010101,-0.00353535,-0.00606061,0.00707071,-0.00151515,0.0121212,-0.0040404,-0.0030303,-0.00656566,-0.0030303,-0.0020202,-0.0166667,-0.00151515,0.00555556
-0.00747475,0,0.00525253,0.00787879,0.00525253,0.0523232,0.00787879,-0.0422222,-0.0167677,0.0030303,0.194343,-0.0149495,0.0945455,-0.0294949,-0.0515152,0.00040404,-0.00222222,0.0109091,-0.106061,0.00262626,0.00525253,0,-0.0157576,0.00525253,0.089899,0.0141414,-0.00484848,0.0131313,0.0527273,0.00787879,-0.00323232,-0.00484848,-0.0462626,0.00262626,-0.00868687,0.00343434,0.00525253,-0.0119192,-0.00888889,-0.0145455,-0.0123232,-0.0125253,-0.0294949,0.00565657,0.0240404,0.0157576,0.00040404,-0.00020202,-0.00222222,-0.00666667
-0.00020202,0,-0.00040404,-0.000606061,-0.00040404,-0.00868687,-0.000606061,-0.00141414,-0.00181818,-0.0010101,-0.0149495,0.019798,-0.00727273,-0.00161616,0.00707071,-0.000808081,-0.000606061,-0.00161616,0.00505051,-0.00020202,-0.00040404,0,0.00121212,-0.00040404,0.00707071,-0.00808081,-0.00040404,-0.0010101,0.000606061,-0.000606061,-0.00363636,-0.00040404,0.00666667,-0.00020202,-0.00787879,-0.00181818,-0.00040404,-0.00141414,-0.00242424,0.00888889,0.00949495,0.00484848,-0.00161616,-0.00121212,-0.00262626,-0.00121212,0.00929293,0.00545455,-0.000606061,0.00828283
0.00141414,0,0.00282828,0.00424242,0.00282828,0.0608081,0.00424242,-0.0507071,0.0127273,-0.0030303,0.0945455,-0.00727273,0.121616,-0.00888889,-0.0191919,0.00565657,0.00424242,0.0113131,-0.0454545,0.00141414,0.00282828,0,-0.00848485,0.00282828,0.0414141,0.00606061,-0.00727273,0.00707071,0.0361616,0.00424242,-0.00484848,0.00282828,-0.0567677,0.00141414,-0.0458586,-0.00747475,0.00282828,-0.020404,-0.00323232,-0.00161616,-0.00585859,-0.00363636,-0.0290909,-0.00161616,0.00828283,0.00848485,0.00565657,0.0123232,-0.00585859,-0.00747475
0.00929293,0,-0.00161616,-0.00242424,-0.00161616,0.00565657,0.00767677,0.0145455,-0.00727273,-0.0040404,-0.0294949,-0.00161616,-0.00888889,0.0743434,-0.0121212,-0.00323232,-0.00242424,-0.00646465,0.020202,-0.000808081,-0.00161616,0,0.00484848,-0.00161616,-0.0222222,-0.0323232,-0.00161616,-0.0040404,0.00242424,-0.00242424,0.00565657,-0.00161616,-0.0137374,-0.000808081,0.00888889,0.0129293,-0.00161616,0.0145455,0.0408081,-0.00484848,-0.00242424,-0.0311111,-0.00646465,0.0153535,-0.0105051,-0.00484848,-0.00323232,-0.0185859,0.00767677,0.00282828
0.00353535,0,-0.0131313,-0.019697,-0.0131313,-0.130808,0.0106061,-0.00555556,0.0318182,-0.00252525,-0.0515152,0.00707071,-0.0191919,-0.0121212,0.229798,0.0141414,0.000505051,-0.0020202,0.0277778,0.00353535,-0.0030303,0,-0.0010101,-0.0030303,-0.0631313,-0.0151515,-0.0030303,-0.00252525,-0.0964646,0.000505051,0.0535354,-0.0030303,-0.000505051,0.00353535,0.0873737,-0.0186869,-0.0131313,-0.00555556,0.0020202,0.0111111,0.000505051,-0.0242424,0.0282828,-0.00909091,0.0358586,0.0212121,0.0040404,-0.0247475,-0.00959596,0.00151515
-0.00040404,0,-0.000808081,-0.00121212,-0.000808081,0.00282828,-0.00121212,-0.00282828,0.00646465,0.00808081,0.00040404,-0.000808081,0.00565657,-0.00323232,0.0141414,0.0387879,0.00888889,0.00686869,0.010101,-0.00040404,-0.000808081,0,0.00242424,-0.000808081,-0.00606061,0.0040404,-0.000808081,-0.0020202,-0.00888889,-0.00121212,0.00282828,-0.000808081,-0.00686869,-0.00040404,0.00444444,-0.00363636,-0.000808081,-0.00282828,-0.00484848,-0.00242424,-0.00121212,0.00969697,-0.00323232,-0.00242424,-0.00525253,-0.00242424,-0.00161616,0.000808081,-0.00121212,0.00646465
-0.00030303,0,-0.000606061,-0.000909091,-0.000606061,0.00717172,-0.000909091,-0.00212121,0.00737374,0.00858586,-0.00222222,-0.000606061,0.00424242,-0.00242424,0.000505051,0.00888889,0.0293939,0.00767677,0.0126263,-0.00030303,-0.000606061,0,0.00181818,-0.000606061,-0.00959596,0.0030303,0.00949495,-0.00151515,-0.00414141,-0.000909091,0.00464646,-0.000606061,-0.00515152,-0.00030303,-0.00171717,-0.00272727,-0.000606061,-0.00212121,-0.00363636,-0.00181818,-0.000909091,0.00727273,-0.00242424,-0.00181818,-0.00393939,-0.00181818,-0.00121212,-0.00191919,-0.000909091,0.00737374
-0.000808081,0,-0.00161616,-0.00242424,-0.00161616,-0.0145455,-0.00242424,-0.00565657,-0.00727273,0.00606061,0.0109091,-0.00161616,0.0113131,-0.00646465,-0.0020202,0.00686869,0.00767677,0.0743434,-0.020202,0.00929293,-0.00161616,0,0.00484848,-0.00161616,-0.0222222,0.00808081,-0.00161616,-0.0040404,-0.0177778,-0.00242424,0.0359596,-0.00161616,-0.0137374,0.00929293,0.00888889,-0.00727273,-0.00161616,-0.00565657,-0.00969697,-0.00484848,-0.00242424,0.0193939,-0.00646465,-0.00484848,-0.0105051,-0.00484848,-0.00323232,-0.0185859,-0.00242424,0.00282828
0.00757576,0,0.00505051,-0.00757576,-0.00505051,0.00252525,0.00252525,-0.00757576,0.0176768,-0.00252525,-0.106061,0.00505051,-0.0454545,0.020202,0.0277778,0.010101,0.0126263,-0.020202,0.189394,-0.00252525,-0.00505051,0,-0.00505051,-0.00505051,-0.0833333,0.00505051,0.0151515,0.00757576,-0.00757576,0.00252525,0.0252525,0.00505051,0.0378788,-0.00252525,-0.0176768,-0.0227273,-0.00505051,0.00252525,-0.010101,0.0151515,0.00252525,0.020202,7.00898e-18,-0.00505051,-0.0227273,-0.0151515,-0.010101,-0.0328283,-0.00757576,-0.0126263
-0.00010101,0,-0.00020202,-0.00030303,-0.00020202,-0.00434343,-0.00030303,-0.000707071,-0.000909091,-0.000505051,0.00262626,-0.00020202,0.00141414,-0.000808081,0.00353535,-0.00040404,-0.00030303,0.00929293,-0.00252525,0.01,-0.00020202,0,0.000606061,-0.00020202,-0.00656566,0.0010101,-0.00020202,-0.000505051,-0.00474747,-0.00030303,0.00828283,-0.00020202,-0.00171717,-0.00010101,0.00616162,-0.000909091,-0.00020202,-0.000707071,-0.00121212,-0.000606061,-0.00030303,0.00242424,-0.000808081,-0.000606061,-0.00131313,-0.000606061,-0.00040404,-0.00737374,-0.00030303,-0.000909091
-0.00020202,0,-0.00040404,0.00949495,-0.00040404,0.00141414,-0.000606061,-0.00141414,-0.00181818,-0.0010101,0.00525253,-0.00040404,0.00282828,-0.00161616,-0.0030303,-0.000808081,-0.000606061,-0.00161616,-0.00505051,-0.00020202,0.019798,0,0.00121212,-0.00040404,0.00707071,0.0020202,-0.00040404,-0.0010101,0.000606061,-0.000606061,-0.00363636,0.00969697,-0.00343434,-0.00020202,-0.00787879,-0.00181818,-0.00040404,-0.00141414,-0.00242424,-0.00121212,-0.000606061,0.00484848,-0.00161616,-0.00121212,-0.00262626,-0.00121212,-0.000808081,0.00545455,-0.000606061,-0.00181818
0,0,0,0,0,0,0,0,0,0,0,0,0,0,0,0,0,0,0,0,0,0,0,0,0,0,0,0,0,0,0,0,0,0,0,0,0,0,0,0,0,0,0,0,0,0,0,0,0,0
0.000606061,0,-0.00888889,0.00181818,0.00121212,-0.00424242,0.00181818,0.00424242,0.00545455,0.0030303,-0.0157576,0.00121212,-0.00848485,0.00484848,-0.0010101,0.00242424,0.00181818,0.00484848,-0.00505051,0.000606061,0.00121212,0,0.0569697,-0.00888889,-0.0010101,0.0040404,0.00121212,-0.0272727,-0.0321212,-0.00828283,0.0109091,0.00121212,-0.00989899,0.000606061,0.0135354,0.00545455,0.00121212,-0.00585859,0.00727273,-0.00646465,0.00181818,0.00565657,0.00484848,-0.0165657,-0.00222222,0.00363636,0.00242424,0.00383838,0.00181818,-0.00464646
-0.00020202,0,-0.00040404,-0.000606061,-0.00040404,0.00141414,-0.000606061,-0.00141414,-0.00181818,-0.0010101,0.00525253,-0.00040404,0.00282828,-0.00161616,-0.0030303,-0.000808081,-0.000606061,-0.00161616,-0.00505051,-0.00020202,-0.00040404,0,-0.00888889,0.019798,0.00707071,0.0020202,-0.00040404,-0.0010101,0.0107071,-0.000606061,-0.00363636,-0.00040404,-0.00343434,-0.00020202,-0.00787879,-0.00181818,-0.00040404,-0.00141414,-0.00242424,-0.00121212,-0.000606061,0.00484848,-0.00161616,-0.00121212,-0.00262626,-0.00121212,-0.000808081,0.00545455,0.00949495,0.00828283
-0.00656566,0,-0.0030303,0.0106061,0.00707071,0.0207071,0.000505051,-0.0257576,-0.00858586,-0.00252525,0.089899,0.00707071,0.0414141,-0.0222222,-0.0631313,-0.00606061,-0.00959596,-0.0222222,-0.0833333,-0.00656566,0.00707071,0,-0.0010101,0.00707071,0.229798,-0.00505051,0.00707071,-0.0227273,0.105556,0.000505051,-0.0979798,-0.0030303,-0.0712121,-0.00656566,-0.0742424,0.0217172,0.00707071,-0.00555556,0.0121212,-0.0191919,0.000505051,-0.0343434,-0.0424242,0.0111111,0.0358586,0.0010101,0.0040404,0.0762626,0.0106061,0.00151515
-0.00909091,0,0.0020202,0.0030303,0.0020202,0.0131313,-0.00707071,-0.0131313,0.00909091,0.00505051,0.0141414,-0.00808081,0.00606061,-0.0323232,-0.0151515,0.0040404,0.0030303,0.00808081,0.00505051,0.0010101,0.0020202,0,0.0040404,0.0020202,-0.00505051,0.0909091,0.0020202,-0.00505051,0.0272727,-0.00707071,-0.0020202,0.0020202,0.00707071,0.0010101,-0.0515152,-0.0313131,0.0020202,-0.0434343,-0.0383838,-0.0040404,-0.00707071,0.0464646,0.00808081,-0.0040404,-0.0373737,-0.0242424,-0.00606061,0.0333333,-0.00707071,-0.0212121
-0.00020202,0,-0.00040404,-0.000606061,-0.00040404,0.00141414,-0.000606061,-0.00141414,-0.00181818,-0.0010101,-0.00484848,-0.00040404,-0.00727273,-0.00161616,-0.0030303,-0.000808081,0.00949495,-0.00161616,0.0151515,-0.00020202,-0.00040404,0,0.00121212,-0.00040404,0.00707071,0.0020202,0.019798,-0.0010101,0.000606061,-0.000606061,-0.00363636,-0.00040404,-0.00343434,-0.00020202,-0.00787879,-0.00181818,-0.00040404,-0.00141414,-0.00242424,-0.00121212,-0.000606061,0.00484848,-0.00161616,-0.00121212,-0.00262626,-0.00121212,-0.000808081,0.00545455,-0.000606061,-0.00181818
-0.000505051,0,0.00909091,-0.00151515,-0.0010101,0.0287879,-0.00151515,-0.00353535,-0.00454545,-0.00252525,0.0131313,-0.0010101,0.00707071,-0.0040404,-0.00252525,-0.0020202,-0.00151515,-0.0040404,0.00757576,-0.000505051,-0.0010101,0,-0.0272727,-0.0010101,-0.0227273,-0.00505051,-0.0010101,0.0479798,0.00656566,0.00858586,-0.00909091,-0.0010101,0.0116162,-0.000505051,-0.00959596,-0.00454545,-0.0010101,0.00656566,-0.00606061,0.00707071,-0.00151515,-0.00808081,-0.0040404,0.00707071,0.00353535,-0.0030303,-0.0020202,-0.00656566,-0.00151515,0.00555556
-0.00474747,0,0.0107071,0.0059596,0.0107071,0.0281818,-0.0142424,-0.0231313,-0.0225253,0.00656566,0.0527273,0.000606061,0.0361616,0.00242424,-0.0964646,-0.00888889,-0.00414141,-0.0177778,-0.00757576,-0.00474747,0.000606061,0,-0.0321212,0.0107071,0.105556,0.0272727,0.000606061,0.00656566,0.251616,0.0160606,-0.0854545,-0.00949495,-0.030202,-0.00474747,-0.124545,0.00777778,0.0107071,-0.0231313,0.0137374,-0.0183838,-0.00414141,0.00282828,-0.0379798,0.0119192,-0.0314141,-0.0183838,-0.00888889,0.0776768,0.0059596,-0.00232323
-0.00030303,0,0.00949495,-0.000909091,-0.000606061,-0.00292929,-0.000909091,-0.00212121,-0.00272727,-0.00151515,0.00787879,-0.000606061,0.00424242,-0.00242424,0.000505051,-0.00121212,-0.000909091,-0.00242424,0.00252525,-0.00030303,-0.000606061,0,-0.00828283,-0.000606061,0.000505051,-0.00707071,-0.000606061,0.00858586,0.0160606,0.0293939,-0.00545455,-0.000606061,0.00494949,-0.00030303,-0.00171717,0.00737374,-0.000606061,-0.00212121,0.00646465,-0.00181818,-0.000909091,-0.0129293,-0.00242424,-0.00181818,0.00616162,-0.00181818,-0.00121212,-0.00191919,-0.000909091,0.00737374
0.00828283,0,-0.00363636,-0.00545455,-0.00363636,-0.0377778,0.00464646,-0.0127273,-0.0163636,0.0111111,-0.00323232,-0.00363636,-0.00484848,0.00565657,0.0535354,0.00282828,0.00464646,0.0359596,0.0252525,0.00828283,-0.00363636,0,0.0109091,-0.00363636,-0.0979798,-0.0020202,-0.00363636,-0.00909091,-0.0854545,-0.00545455,0.149091,0.00646465,0.019596,0.00828283,0.100808,-0.0163636,-0.00363636,-0.0127273,-0.0218182,0.00929293,-0.00545455,0.0335354,0.0157576,-0.000808081,-0.0236364,0.00929293,0.00282828,-0.102424,-0.00545455,-0.00626263
-0.00020202,0,-0.00040404,0.00949495,-0.00040404,0.00141414,-0.000606061,-0.00141414,-0.00181818,-0.0010101,-0.00484848,-0.00040404,0.00282828,-0.00161616,-0.0030303,-0.000808081,-0.000606061,-0.00161616,0.00505051,-0.00020202,0.00969697,0,0.00121212,-0.00040404,-0.0030303,0.0020202,-0.00040404,-0.0010101,-0.00949495,-0.000606061,0.00646465,0.019798,-0.00343434,-0.00020202,0.00222222,-0.00181818,-0.00040404,-0.00141414,-0.00242424,-0.00121212,-0.000606061,0.00484848,0.00848485,-0.00121212,-0.00262626,-0.00121212,-0.000808081,0.00545455,-0.000606061,-0.00181818
-0.00171717,0,0.00666667,-0.00515152,-0.00343434,-0.0132323,-0.00515152,0.0283838,-0.0154545,0.00151515,-0.0462626,0.00666667,-0.0567677,-0.0137374,-0.000505051,-0.00686869,-0.00515152,-0.0137374,0.0378788,-0.00171717,-0.00343434,0,-0.00989899,-0.00343434,-0.0712121,0.00707071,-0.00343434,0.0116162,-0.030202,0.00494949,0.019596,-0.00343434,0.142525,-0.00171717,0.0441414,0.0148485,0.00666667,0.00818182,-0.0206061,0.02,0.0150505,0.0210101,0.0468687,-0.00020202,-0.0122222,-0.010303,0.0234343,-0.0142424,-0.00515152,0.0148485
-0.00010101,0,-0.00020202,-0.00030303,-0.00020202,-0.00434343,-0.00030303,-0.000707071,-0.000909091,-0.000505051,0.00262626,-0.00020202,0.00141414,-0.000808081,0.00353535,-0.00040404,-0.00030303,0.00929293,-0.00252525,-0.00010101,-0.00020202,0,0.000606061,-0.00020202,-0.00656566,0.0010101,-0.00020202,-0.000505051,-0.00474747,-0.00030303,0.00828283,-0.00020202,-0.00171717,0.01,0.00616162,-0.000909091,-0.00020202,-0.000707071,-0.00121212,-0.000606061,-0.00030303,0.00242424,-0.000808081,-0.000606061,-0.00131313,-0.000606061,-0.00040404,-0.00737374,-0.00030303,-0.000909091
0.00616162,0,-0.00787879,-0.0118182,-0.00787879,-0.0582828,0.00838384,0.0330303,-0.0152525,0.000505051,-0.00868687,-0.00787879,-0.0458586,0.00888889,0.0873737,0.00444444,-0.00171717,0.00888889,-0.0176768,0.00616162,-0.00787879,0,0.0135354,-0.00787879,-0.0742424,-0.0515152,-0.00787879,-0.00959596,-0.124545,-0.00171717,0.100808,0.00222222,0.0441414,0.00616162,0.240303,0.0150505,-0.00787879,0.0229293,0.0133333,-0.00343434,-0.0118182,-0.0569697,0.0492929,-0.00343434,0.059899,0.0369697,0.0145455,-0.0956566,-0.00171717,0.0150505
-0.000909091,0,-0.00181818,-0.00272727,-0.00181818,-0.00878788,-0.00272727,0.0138384,-0.00818182,0.00555556,0.00343434,-0.00181818,-0.00747475,0.0129293,-0.0186869,-0.00363636,-0.00272727,-0.00727273,-0.0227273,-0.000909091,-0.00181818,0,0.00545455,-0.00181818,0.0217172,-0.0313131,-0.00181818,-0.00454545,0.00777778,0.00737374,-0.0163636,-0.00181818,0.0148485,-0.000909091,0.0150505,0.0827273,0.00828283,0.0340404,0.049697,-0.00545455,-0.00272727,-0.0387879,-0.00727273,0.00464646,0.00838384,0.0147475,0.00646465,-0.00575758,0.00737374,0.0120202
-0.00020202,0,-0.00040404,-0.000606061,-0.00040404,0.0115152,-0.000606061,-0.00141414,-0.00181818,-0.0010101,0.00525253,-0.00040404,0.00282828,-0.00161616,-0.0131313,-0.000808081,-0.000606061,-0.00161616,-0.00505051,-0.00020202,-0.00040404,0,0.00121212,-0.00040404,0.00707071,0.0020202,-0.00040404,-0.0010101,0.0107071,-0.000606061,-0.00363636,-0.00040404,0.00666667,-0.00020202,-0.00787879,0.00828283,0.019798,-0.00141414,-0.00242424,-0.00121212,-0.000606061,0.00484848,-0.00161616,-0.00121212,-0.00262626,-0.00121212,-0.000808081,0.00545455,-0.000606061,-0.00181818
-0.000707071,0,-0.00141414,-0.00212121,-0.00141414,-0.020303,-0.00212121,0.0152525,-0.00636364,-0.00353535,-0.0119192,-0.00141414,-0.020404,0.0145455,-0.00555556,-0.00282828,-0.00212121,-0.00565657,0.00252525,-0.000707071,-0.00141414,0,-0.00585859,-0.00141414,-0.00555556,-0.0434343,-0.00141414,0.00656566,-0.0231313,-0.00212121,-0.0127273,-0.00141414,0.00818182,-0.000707071,0.0229293,0.0340404,-0.00141414,0.0657576,0.0420202,0.0159596,0.0079798,-0.0537374,-0.00565657,0.0159596,0.0312121,0.0260606,-0.00282828,-0.0314141,0.0079798,0.0138384
-0.00121212,0,-0.00242424,-0.00363636,-0.00242424,-0.0319192,-0.00363636,0.0117172,-0.000808081,-0.00606061,-0.00888889,-0.00242424,-0.00323232,0.0408081,0.0020202,-0.00484848,-0.00363636,-0.00969697,-0.010101,-0.00121212,-0.00242424,0,0.00727273,-0.00242424,0.0121212,-0.0383838,-0.00242424,-0.00606061,0.0137374,0.00646465,-0.0218182,-0.00242424,-0.0206061,-0.00121212,0.0133333,0.049697,-0.00242424,0.0420202,0.106667,-0.00727273,-0.00363636,-0.0921212,-0.00969697,0.0129293,0.0145455,0.0331313,-0.00484848,-0.0177778,0.00646465,0.0193939
-0.000606061,0,-0.00121212,-0.00181818,-0.00121212,-0.00585859,-0.00181818,-0.00424242,0.00464646,0.00707071,-0.0145455,0.00888889,-0.00161616,-0.00484848,0.0111111,-0.00242424,-0.00181818,-0.00484848,0.0151515,-0.000606061,-0.00121212,0,-0.00646465,-0.00121212,-0.0191919,-0.0040404,-0.00121212,0.00707071,-0.0183838,-0.00181818,0.00929293,-0.00121212,0.02,-0.000606061,-0.00343434,-0.00545455,-0.00121212,0.0159596,-0.00727273,0.0569697,0.0183838,-0.0157576,-0.00484848,0.0165657,0.00222222,-0.00363636,0.00767677,-0.0240404,-0.00181818,0.00464646
-0.00030303,0,0.00949495,0.00919192,0.00949495,-0.00292929,-0.000909091,-0.00212121,-0.00272727,-0.00151515,-0.0123232,0.00949495,-0.00585859,-0.00242424,0.000505051,-0.00121212,-0.000909091,-0.00242424,0.00252525,-0.00030303,-0.000606061,0,0.00181818,-0.000606061,0.000505051,-0.00707071,-0.000606061,-0.00151515,-0.00414141,-0.000909091,-0.00545455,-0.000606061,0.0150505,-0.00030303,-0.0118182,-0.00272727,-0.000606061,0.0079798,-0.00363636,0.0183838,0.0293939,-0.00282828,-0.00242424,-0.00181818,0.00616162,-0.00181818,0.00888889,0.00818182,-0.000909091,0.00737374
0.00242424,0,0.00484848,0.00727273,0.00484848,0.0133333,-0.00282828,-0.00323232,0.00161616,0.0121212,-0.0125253,0.00484848,-0.00363636,-0.0311111,-0.0242424,0.00969697,0.00727273,0.0193939,0.020202,0.00242424,0.00484848,0,0.00565657,0.00484848,-0.0343434,0.0464646,0.00484848,-0.00808081,0.00282828,-0.0129293,0.0335354,0.00484848,0.0210101,0.00242424,-0.0569697,-0.0387879,0.00484848,-0.0537374,-0.0921212,-0.0157576,-0.00282828,0.184242,0.0193939,-0.0258586,-0.099798,-0.0258586,0.00969697,0.0153535,-0.00282828,-0.00848485
-0.000808081,0,-0.00161616,-0.00242424,-0.00161616,-0.0246465,-0.00242424,0.0347475,-0.00727273,-0.0040404,-0.0294949,-0.00161616,-0.0290909,-0.00646465,0.0282828,-0.00323232,-0.00242424,-0.00646465,7.00898e-18,-0.000808081,-0.00161616,0,0.00484848,-0.00161616,-0.0424242,0.00808081,-0.00161616,-0.0040404,-0.0379798,-0.00242424,0.0157576,0.00848485,0.0468687,-0.000808081,0.0492929,-0.00727273,-0.00161616,-0.00565657,-0.00969697,-0.00484848,-0.00242424,0.0193939,0.0743434,-0.00484848,-0.0105051,-0.00484848,0.0169697,0.0117172,-0.00242424,0.00282828
-0.000606061,0,-0.00121212,-0.00181818,-0.00121212,-0.00585859,-0.00181818,0.00585859,-0.00545455,-0.0030303,0.00565657,-0.00121212,-0.00161616,0.0153535,-0.00909091,-0.00242424,-0.00181818,-0.00484848,-0.00505051,-0.000606061,-0.00121212,0,-0.0165657,-0.00121212,0.0111111,-0.0040404,-0.00121212,0.00707071,0.0119192,-0.00181818,-0.000808081,-0.00121212,-0.00020202,-0.000606061,-0.00343434,0.00464646,-0.00121212,0.0159596,0.0129293,0.0165657,-0.00181818,-0.0258586,-0.00484848,0.0569697,-0.00787879,-0.00363636,-0.00242424,-0.0139394,0.00828283,0.00464646
-0.00131313,0,-0.00262626,-0.00393939,-0.00262626,0.00414141,0.00616162,-0.00919192,-0.00171717,-0.00656566,0.0240404,-0.00262626,0.00828283,-0.0105051,0.0358586,-0.00525253,-0.00393939,-0.0105051,-0.0227273,-0.00131313,-0.00262626,0,-0.00222222,-0.00262626,0.0358586,-0.0373737,-0.00262626,0.00353535,-0.0314141,0.00616162,-0.0236364,-0.00262626,-0.0122222,-0.00131313,0.059899,0.00838384,-0.00262626,0.0312121,0.0145455,0.00222222,0.00616162,-0.099798,-0.0105051,-0.00787879,0.114242,0.0224242,-0.00525253,-0.00494949,-0.00393939,-0.00171717
-0.000606061,0,-0.00121212,-0.00181818,-0.00121212,-0.0260606,-0.00181818,-0.00424242,0.00464646,-0.0030303,0.0157576,-0.00121212,0.00848485,-0.00484848,0.0212121,-0.00242424,-0.00181818,-0.00484848,-0.0151515,-0.000606061,-0.00121212,0,0.00363636,-0.00121212,0.0010101,-0.0242424,-0.00121212,-0.0030303,-0.0183838,-0.00181818,0.00929293,-0.00121212,-0.010303,-0.000606061,0.0369697,0.0147475,-0.00121212,0.0260606,0.0331313,-0.00363636,-0.00181818,-0.0258586,-0.00484848,-0.00363636,0.0224242,0.0569697,-0.00242424,-0.0341414,-0.00181818,0.0147475
-0.00040404,0,-0.000808081,-0.00121212,-0.000808081,0.00282828,-0.00121212,-0.00282828,-0.00363636,-0.0020202,0.00040404,0.00929293,0.00565657,-0.00323232,0.0040404,-0.00161616,-0.00121212,-0.00323232,-0.010101,-0.00040404,-0.000808081,0,0.00242424,-0.000808081,0.0040404,-0.00606061,-0.000808081,-0.0020202,-0.00888889,-0.00121212,0.00282828,-0.000808081,0.0234343,-0.00040404,0.0145455,0.00646465,-0.000808081,-0.00282828,-0.00484848,0.00767677,0.00888889,0.00969697,0.0169697,-0.00242424,-0.00525253,-0.00242424,0.0387879,0.000808081,-0.00121212,0.00646465
-0.00737374,0,-0.00464646,0.00818182,0.00545455,0.0263636,-0.00191919,0.0089899,0.00434343,-0.0166667,-0.00020202,0.00545455,0.0123232,-0.0185859,-0.0247475,0.000808081,-0.00191919,-0.0185859,-0.0328283,-0.00737374,0.00545455,0,0.00383838,0.00545455,0.0762626,0.0333333,0.00545455,-0.00656566,0.0776768,-0.00191919,-0.102424,0.00545455,-0.0142424,-0.00737374,-0.0956566,-0.00575758,0.00545455,-0.0314141,-0.0177778,-0.0240404,0.00818182,0.0153535,0.0117172,-0.0139394,-0.00494949,-0.0341414,0.000808081,0.199091,-0.00191919,-0.0158586
-0.00030303,0,-0.000606061,-0.000909091,-0.000606061,-0.00292929,-0.000909091,0.0079798,-0.00272727,-0.00151515,-0.00222222,-0.000606061,-0.00585859,0.00767677,-0.00959596,-0.00121212,-0.000909091,-0.00242424,-0.00757576,-0.00030303,-0.000606061,0,0.00181818,0.00949495,0.0106061,-0.00707071,-0.000606061,-0.00151515,0.0059596,-0.000909091,-0.00545455,-0.000606061,-0.00515152,-0.00030303,-0.00171717,0.00737374,-0.000606061,0.0079798,0.00646465,-0.00181818,-0.000909091,-0.00282828,-0.00242424,0.00828283,-0.00393939,-0.00181818,-0.00121212,-0.00191919,0.0293939,0.0174747
-0.000909091,0,0.00828283,-0.00272727,-0.00181818,-0.0188889,-0.00272727,0.0138384,0.00191919,0.00555556,-0.00666667,0.00828283,-0.00747475,0.00282828,0.00151515,0.00646465,0.00737374,0.00282828,-0.0126263,-0.000909091,-0.00181818,0,-0.00464646,0.00828283,0.00151515,-0.0212121,-0.00181818,0.00555556,-0.00232323,0.00737374,-0.00626263,-0.00181818,0.0148485,-0.000909091,0.0150505,0.0120202,-0.00181818,0.0138384,0.0193939,0.00464646,0.00737374,-0.00848485,0.00282828,0.00464646,-0.00171717,0.0147475,0.00646465,-0.0158586,0.0174747,0.0827273
