0.20798,0.00686869,0.110303,-0.0585859,-0.010404,-0.115859,0.0557576,0.0893939,-0.0237374,-0.0514141,-0.114848,0.131111,-0.0991919,0.00040404,-0.0179798,0.0310101,0.105657,0.0418182,-0.0327273,0.0583838,0.0238384,0.0293939,-0.0590909,-0.0234343,-0.0425253,0.00505051,-0.00808081,0.0517172,-0.00636364,-0.0191919,-0.00868687,0.0255556,-0.0357576,-0.0117172,0.0510101,0.0030303,0.0463636,0.00474747,0.00666667,-0.019798,0.00606061,-0.0513131,-0.0275758,-0.00121212,-0.00414141,-0.000606061,-0.0285859,-0.0239394,0.0206061,0.0192929
0.00686869,0.0743434,-0.0218182,-0.0161616,0.0145455,-0.0145455,0.0307071,-0.00808081,-0.0121212,0.00323232,-0.0125253,-0.00040404,-0.0266667,0.0311111,-0.0157576,0.0165657,-0.0210101,0.0129293,-0.00484848,-0.00444444,0.0173737,-0.00686869,-0.0121212,0.00363636,0.0109091,-6.16791e-18,-0.00606061,0.0125253,0.0226263,-0.00808081,0.00282828,-0.0145455,0.00929293,-0.00323232,0.0161616,-0.0040404,-0.0234343,-0.0157576,0.00323232,0.000808081,-0.0282828,0.00848485,0.00040404,-0.00242424,-0.00323232,0.00888889,0.0387879,-0.00242424,0.000808081,-0.0169697
0.110303,-0.0218182,0.252121,0.00606061,-0.0266667,-0.134949,0.00767677,0.0888889,0.0323232,0.0715152,-0.13697,0.0933333,-0.0925253,0.0658586,-0.0468687,0.0420202,0.0553535,0.0638384,-0.0820202,0.0468687,-0.00323232,-0.00929293,-0.0383838,-0.0319192,0.0355556,-0.030303,0.00606061,0.0258586,0.0258586,-0.0222222,-0.00686869,0.0569697,-0.0759596,0.00929293,0.0949495,0.0242424,0.0294949,0.00363636,0.000808081,-0.0351515,0.0181818,-0.0509091,0.0177778,-0.0460606,-0.0109091,0.00727273,-0.0307071,-0.0460606,0.0254545,0.0311111
-0.0585859,-0.0161616,0.00606061,0.161616,-0.0141414,-0.00606061,-0.0242424,0.040404,0.10101,0.0383838,-0.0565657,-0.0161616,-0.0565657,0.0525253,-0.0646465,0.0464646,-0.0222222,0.0626263,-0.0121212,-0.00606061,0.0383838,0.0383838,-0.0808081,0.0343434,0.0121212,-0.0606061,-0.030303,0.0565657,0.0666667,-0.020202,0.0727273,-0.0464646,-0.0121212,0.0020202,-0.030303,-0.010101,0.0020202,-0.0646465,-0.0525253,0.0323232,-0.010101,0.0262626,0.0161616,0.0343434,-0.0181818,-0.0181818,-0.0141414,0.0040404,-0.00808081,0.0282828
-0.010404,0.0145455,-0.0266667,-0.0141414,0.0657576,-0.010202,0.00161616,0.00555556,-0.0106061,-0.0148485,0.00292929,0.00343434,0.00949495,0.0133333,0.00262626,-0.00191919,0.0119192,-0.0139394,0.0311111,-0.0127273,-0.00121212,0.00535354,0.00454545,-0.00565657,-0.00434343,-0.00505051,0.0161616,0.019798,-0.00292929,0.0131313,-0.00383838,-0.010202,0.0220202,-0.00282828,-0.0287879,0.0191919,-0.00030303,-0.01,0.0179798,0.00323232,-0.0121212,-0.0266667,-0.0059596,0.0206061,0.03,-0.00989899,0.00111111,-0.00717172,0.0234343,-0.0148485
-0.115859,-0.0145455,-0.134949,-0.00606061,-0.010202,0.247576,-0.0319192,-0.101515,-0.0348485,0.00979798,0.163737,-0.104444,0.131919,-0.0941414,0.0680808,-0.0536364,-0.0624242,-0.0870707,0.059798,-0.0478788,-0.00888889,0.00979798,0.0611111,0.0258586,-0.0411111,0.0252525,-0.0161616,-0.070303,-0.0425253,-0.0232323,0.0139394,-0.0655556,0.0587879,-0.00727273,-0.0873737,-0.0191919,0.00535354,0.0150505,0.0123232,0.0270707,0.0020202,0.0468687,-0.0192929,0.04,0.0255556,-0.010303,0.0140404,0.0829293,-0.0537374,-0.00030303
0.0557576,0.0307071,0.00767677,-0.0242424,0.00161616,-0.0319192,0.106667,-0.0323232,-0.00808081,-0.00525253,-0.0137374,0.0246465,0.00040404,0.0416162,-0.0488889,0.04,0.0189899,-0.000808081,0.0129293,0.00848485,0.0513131,0.0149495,-0.0484848,0.0105051,-0.00888889,-0.030303,-0.0040404,-0.00646465,0.0137374,-0.0020202,0.0193939,-0.0117172,-0.00121212,-0.00484848,-0.00606061,-0.0161616,0.00525253,-0.0185859,0.00484848,0.00121212,-0.0020202,-0.00242424,-0.00444444,-0.00363636,-0.0250505,0.00323232,0.00767677,0.0165657,-0.00888889,-0.00525253
0.0893939,-0.00808081,0.0888889,0.040404,0.00555556,-0.101515,-0.0323232,0.229798,0.0479798,0.00656566,-0.126768,0.0777778,-0.184848,0.0363636,-0.0373737,0.0409091,0.069697,0.0919192,-0.0767677,0.0676768,-0.0262626,-0.00353535,-0.0782828,-0.0181818,-0.0116162,-0.00505051,-0.030303,0.0989899,-0.00454545,-0.0252525,0.0313131,-0.000505051,-0.0414141,-0.0040404,0.0479798,0.0555556,0.0186869,0.0106061,-0.0414141,-0.0141414,-0.020202,-0.0424242,-0.00959596,-0.0282828,0.00858586,-0.0191919,-0.0146465,-0.00555556,0.0464646,-0.00353535
-0.0237374,-0.0121212,0.0323232,0.10101,-0.0106061,-0.0348485,-0.00808081,0.0479798,0.128788,0.0590909,-0.070202,-0.00707071,-0.0474747,0.0747475,-0.0838384,0.0550505,-0.0393939,0.089899,-0.0141414,-0.0272727,0.00606061,0.0186869,-0.0580808,-0.0020202,0.0368687,-0.0151515,-0.020202,0.0323232,0.05,-0.0151515,0.0292929,-0.0550505,0.0111111,0.0040404,-0.0227273,-0.0151515,-0.0237374,-0.0661616,-0.069697,0.0444444,-0.030303,0.0121212,0.00454545,-0.0020202,-0.00353535,-0.0212121,-0.000505051,0.000505051,-0.0161616,0.0388889
-0.0514141,0.00323232,0.0715152,0.0383838,-0.0148485,0.00979798,-0.00525253,0.00656566,0.0590909,0.167576,0.00878788,-0.050303,-0.00181818,0.060202,-0.0527273,0.0346465,-0.0551515,0.0389899,-0.0581818,-0.0280808,-0.0238384,-0.0243434,-0.0267677,0.00323232,0.0879798,-0.0151515,-0.0121212,-0.0416162,0.0316162,-0.0212121,0.0187879,-0.0306061,-0.0349495,0.00161616,0.0247475,0.00707071,-0.0110101,-0.019899,0.00343434,-0.0105051,0.0040404,0.0311111,0.0124242,-0.0391919,-0.0211111,0.0107071,0.0134343,0.0188889,-0.0206061,0.0059596
-0.114848,-0.0125253,-0.13697,-0.0565657,0.00292929,0.163737,-0.0137374,-0.126768,-0.070202,0.00878788,0.251616,-0.142828,0.174343,-0.108283,0.0862626,-0.0708081,-0.0482828,-0.141616,0.0335354,-0.0357576,-0.0149495,-0.0316162,0.0560606,0.0278788,0.0306061,0.0151515,0.0141414,-0.112727,-0.059697,0.0373737,-0.010303,-0.0079798,0.0224242,0.00888889,-0.0318182,-0.0191919,-0.0138384,0.0584848,0.0668687,-0.0173737,0.0121212,0.105455,0.0140404,-0.00848485,0.00636364,0.0260606,0.0069697,0.069798,-0.0476768,-0.0417172
0.131111,-0.00040404,0.0933333,-0.0161616,0.00343434,-0.104444,0.0246465,0.0777778,-0.00707071,-0.050303,-0.142828,0.23798,-0.0913131,0.00888889,0.0286869,-0.0147475,0.0921212,0.0614141,0.0173737,0.0824242,-0.0311111,0.0507071,-0.00707071,-0.0105051,-0.0769697,0.030303,-0.00606061,0.0771717,0.00141414,-0.0181818,-0.0294949,0.0268687,-0.00888889,-0.0153535,0.0111111,0.0363636,0.050303,-0.00666667,-0.0149495,0.00888889,-0.00808081,-0.128889,-0.0208081,0.0440404,0.040202,-0.0234343,-0.0531313,-0.0620202,0.079596,0.0608081
-0.0991919,-0.0266667,-0.0925253,-0.0565657,0.00949495,0.131919,0.00040404,-0.184848,-0.0474747,-0.00181818,0.174343,-0.0913131,0.246061,-0.049697,0.0650505,-0.0490909,-0.0715152,-0.0981818,0.0860606,-0.0852525,0.00727273,0.00828283,0.0737374,0.0137374,0.0159596,0.020202,0.0343434,-0.118788,-0.0127273,0.0323232,-0.0375758,-0.00949495,0.039596,0.00686869,-0.0494949,-0.0545455,-0.00828283,0.00949495,0.0739394,0.000808081,0.0323232,0.0589899,-0.0147475,0.00767677,0.00181818,0.0189899,-0.0167677,0.0329293,-0.069899,-0.0220202
0.00040404,0.0311111,0.0658586,0.0525253,0.0133333,-0.0941414,0.0416162,0.0363636,0.0747475,0.060202,-0.108283,0.00888889,-0.049697,0.184242,-0.128081,0.110303,-0.0327273,0.0892929,-0.0246465,-0.0335354,0.0521212,-0.0105051,-0.0868687,-0.00929293,0.0630303,-0.0606061,-0.00808081,0.0274747,0.0880808,-0.0242424,0.0488889,-0.0335354,-0.0327273,0.00040404,0.00808081,-0.0222222,-0.00969697,-0.0876768,-0.0408081,0.00242424,0.00606061,0.00525253,0.0214141,-0.0173737,-0.050101,-0.0137374,0.0355556,0.0129293,0.0125253,-0.0206061
-0.0179798,-0.0157576,-0.0468687,-0.0646465,0.00262626,0.0680808,-0.0488889,-0.0373737,-0.0838384,-0.0527273,0.0862626,0.0286869,0.0650505,-0.128081,0.149091,-0.110505,0.0169697,-0.0694949,0.0311111,0.0327273,-0.0618182,-0.00222222,0.108081,0.00444444,-0.0523232,0.0606061,0.0262626,-0.0206061,-0.0660606,0.0181818,-0.0694949,0.0579798,0.0270707,-0.00282828,0.00909091,0.0242424,0.00222222,0.0733333,0.0533333,-0.00686869,0.00808081,-0.0266667,-0.0135354,0.0105051,0.0426263,0.0153535,-0.0317172,-0.0349495,0.0133333,0.00787879
0.0310101,0.0165657,0.0420202,0.0464646,-0.00191919,-0.0536364,0.04,0.0409091,0.0550505,0.0346465,-0.0708081,-0.0147475,-0.0490909,0.110303,-0.110505,0.142525,0.00585859,0.0628283,-0.0456566,-0.0208081,0.0634343,0.00434343,-0.0914141,-0.00363636,0.0471717,-0.0555556,-0.0343434,0.0177778,0.0607071,-0.0171717,0.0729293,-0.0334343,-0.0244444,-0.00686869,0.00656566,-0.0414141,0.000707071,-0.0372727,-0.0183838,-0.0311111,-0.0020202,0.0319192,0.00717172,-0.00767677,-0.049798,0.00626263,0.0142424,0.020101,-0.0311111,-0.0158586
0.105657,-0.0210101,0.0553535,-0.0222222,0.0119192,-0.0624242,0.0189899,0.069697,-0.0393939,-0.0551515,-0.0482828,0.0921212,-0.0715152,-0.0327273,0.0169697,0.00585859,0.194343,-0.0387879,-0.0561616,0.114343,-0.00161616,-0.0248485,0.0111111,-0.0210101,-0.0478788,-0.040404,0.00808081,0.0432323,-0.0224242,-0.00606061,0.0319192,0.0789899,-0.0177778,-0.0105051,-0.0030303,0.0121212,0.0753535,0.0220202,-0.029899,-0.0428283,0.0646465,-0.0557576,0.0240404,0.0375758,-0.0357576,-0.00646465,-0.0507071,-0.0179798,0.0884848,0.0256566
0.0418182,0.0129293,0.0638384,0.0626263,-0.0139394,-0.0870707,-0.000808081,0.0919192,0.089899,0.0389899,-0.141616,0.0614141,-0.0981818,0.0892929,-0.0694949,0.0628283,-0.0387879,0.226667,-0.0105051,-0.0113131,0.00565657,0.0490909,-0.10202,-0.00727273,0.0236364,-0.010101,-0.00808081,0.0961616,0.0406061,-0.0343434,0.00444444,-0.0466667,-0.0387879,-0.00363636,0.0535354,0.0383838,-0.0187879,-0.0442424,-0.0569697,-0.00161616,-0.0444444,-0.0371717,-0.0159596,-0.0355556,0.00141414,-0.0379798,-0.00181818,0.00989899,-0.0319192,-0.0115152
-0.0327273,-0.00484848,-0.0820202,-0.0121212,0.0311111,0.059798,0.0129293,-0.0767677,-0.0141414,-0.0581818,0.0335354,0.0173737,0.0860606,-0.0246465,0.0311111,-0.0456566,-0.0561616,-0.0105051,0.248889,-0.0715152,0.0105051,0.0832323,-0.0040404,0.0254545,-0.0852525,0.010101,0.0585859,0.0270707,-0.0739394,0.0141414,-0.0408081,-0.0715152,0.0852525,0.00767677,-0.0989899,0.0121212,-0.0125253,-0.0294949,0.0125253,0.0662626,-0.0464646,-0.0517172,-0.0173737,0.0335354,0.0682828,-0.0690909,0.0189899,0.00323232,-0.00444444,0.00242424
0.0583838,-0.00444444,0.0468687,-0.00606061,-0.0127273,-0.0478788,0.00848485,0.0676768,-0.0272727,-0.0280808,-0.0357576,0.0824242,-0.0852525,-0.0335354,0.0327273,-0.0208081,0.114343,-0.0113131,-0.0715152,0.149091,-0.0189899,-0.0280808,0.0131313,-0.00444444,-0.0688889,0.010101,-0.0262626,0.0509091,-0.0551515,-0.0181818,0.0189899,0.0733333,-0.0270707,-0.00727273,0.0313131,0.0363636,0.0684848,0.0478788,-0.0432323,-0.0234343,0.0323232,-0.0339394,-0.00666667,-0.00040404,-0.0325253,0.00484848,-0.0288889,-0.00545455,0.0573737,0.0224242
0.0238384,0.0173737,-0.00323232,0.0383838,-0.00121212,-0.00888889,0.0513131,-0.0262626,0.00606061,-0.0238384,-0.0149495,-0.0311111,0.00727273,0.0521212,-0.0618182,0.0634343,-0.00161616,0.00565657,0.0105051,-0.0189899,0.135758,0.0670707,-0.105051,0.0375758,-0.0185859,-0.0808081,-0.0222222,0.0250505,0.0553535,-0.00606061,0.0561616,-0.00888889,-0.0117172,-0.00646465,-0.0181818,-0.0282828,0.0137374,-0.0517172,0.00646465,-0.0185859,-0.00606061,0.0169697,0.0109091,0.0153535,-0.0266667,-0.00242424,0.0169697,0.0153535,-0.0387879,-0.0137374
0.0293939,-0.00686869,-0.00929293,0.0383838,0.00535354,0.00979798,0.0149495,-0.00353535,0.0186869,-0.0243434,-0.0316162,0.0507071,0.00828283,-0.0105051,-0.00222222,0.00434343,-0.0248485,0.0490909,0.0832323,-0.0280808,0.0670707,0.167576,-0.0974747,0.0436364,-0.0938384,0.00505051,-0.0424242,0.0391919,0.0215152,-0.0111111,-0.00141414,-0.0508081,0.00545455,-0.00848485,-0.0358586,0.0272727,0.00919192,-0.019899,0.0438384,0.00969697,-0.0464646,-0.069899,-0.0481818,0.0416162,0.059697,-0.019596,-0.0168687,-0.0114141,-0.0509091,0.0160606
-0.0590909,-0.0121212,-0.0383838,-0.0808081,0.00454545,0.0611111,-0.0484848,-0.0782828,-0.0580808,-0.0267677,0.0560606,-0.00707071,0.0737374,-0.0868687,0.108081,-0.0914141,0.0111111,-0.10202,-0.0040404,0.0131313,-0.105051,-0.0974747,0.229798,-0.0323232,0.00151515,0.0757576,0.0505051,-0.0686869,-0.0459596,0.0252525,-0.0717172,0.0813131,0.0515152,0.0040404,-0.0176768,-0.0252525,-0.00858586,0.05,0.0010101,0.0141414,0.0505051,-0.0282828,-0.000505051,0.00808081,0.00151515,0.0292929,-0.0156566,-0.0550505,0.0444444,0.0338384
-0.0234343,0.00363636,-0.0319192,0.0343434,-0.00565657,0.0258586,0.0105051,-0.0181818,-0.0020202,0.00323232,0.0278788,-0.0105051,0.0137374,-0.00929293,0.00444444,-0.00363636,-0.0210101,-0.00727273,0.0254545,-0.00444444,0.0375758,0.0436364,-0.0323232,0.0743434,-0.0193939,-0.020202,-0.00606061,0.0125253,0.0125253,0.0020202,0.0129293,-0.00444444,-0.000808081,-0.00323232,-0.0242424,-0.0040404,0.00686869,-0.00565657,0.0133333,0.000808081,0.0121212,0.00848485,-0.00969697,0.00767677,-0.0133333,-0.00121212,0.00848485,0.00767677,-0.00929293,0.00323232
-0.0425253,0.0109091,0.0355556,0.0121212,-0.00434343,-0.0411111,-0.00888889,-0.0116162,0.0368687,0.0879798,0.0306061,-0.0769697,0.0159596,0.0630303,-0.0523232,0.0471717,-0.0478788,0.0236364,-0.0852525,-0.0688889,-0.0185859,-0.0938384,0.00151515,-0.0193939,0.252424,-0.106061,0.0929293,-0.0129293,0.0805051,0.0414141,0.0438384,0.00939394,-0.0680808,0.0105051,0.0611111,-0.0474747,-0.0425253,-0.07,0.0147475,-0.0581818,-0.0040404,0.0860606,0.089596,-0.0173737,-0.0223232,0.0216162,-0.0124242,-0.00979798,0.0125253,-0.0231313
0.00505051,-6.16791e-18,-0.030303,-0.0606061,-0.00505051,0.0252525,-0.030303,-0.00505051,-0.0151515,-0.0151515,0.0151515,0.030303,0.020202,-0.0606061,0.0606061,-0.0555556,-0.040404,-0.010101,0.010101,0.010101,-0.0808081,0.00505051,0.0757576,-0.020202,-0.106061,0.252525,-0.0909091,-0.0909091,-0.0454545,-0.020202,-0.121212,-0.0151515,0.0505051,-0.010101,0.0252525,5.60719e-18,-0.00505051,0.0858586,0.010101,0.0505051,0.010101,-0.010101,-0.116162,-0.040404,0.0151515,0.040404,0.0151515,-0.0151515,-0.030303,0.0353535
-0.00808081,-0.00606061,0.00606061,-0.030303,0.0161616,-0.0161616,-0.0040404,-0.030303,-0.020202,-0.0121212,0.0141414,-0.00606061,0.0343434,-0.00808081,0.0262626,-0.0343434,0.00808081,-0.00808081,0.0585859,-0.0262626,-0.0222222,-0.0424242,0.0505051,-0.00606061,0.0929293,-0.0909091,0.161616,0.0565657,-0.0242424,0.040404,0.0020202,0.0444444,-0.0020202,0.0222222,-0.010101,-0.010101,-0.00808081,-0.0545455,0.0181818,-0.00808081,0.010101,-0.0040404,0.0565657,0.0141414,0.0020202,-0.0282828,-0.0141414,-0.0363636,0.0424242,-0.0121212
0.0517172,0.0125253,0.0258586,0.0565657,0.019798,-0.070303,-0.00646465,0.0989899,0.0323232,-0.0416162,-0.112727,0.0771717,-0.118788,0.0274747,-0.0206061,0.0177778,0.0432323,0.0961616,0.0270707,0.0509091,0.0250505,0.0391919,-0.0686869,0.0125253,-0.0129293,-0.0909091,0.0565657,0.203636,-0.00848485,-0.0020202,0.0456566,0.0105051,-0.00727273,0.00121212,-0.0161616,0.0343434,0.0315152,-0.0509091,-0.0517172,0.00727273,-0.0323232,-0.0549495,0.0238384,0.0387879,0.0214141,-0.0513131,-0.00444444,-0.0420202,0.0577778,0.00888889
-0.00636364,0.0226263,0.0258586,0.0666667,-0.00292929,-0.0425253,0.0137374,-0.00454545,0.05,0.0316162,-0.059697,0.00141414,-0.0127273,0.0880808,-0.0660606,0.0607071,-0.0224242,0.0406061,-0.0739394,-0.0551515,0.0553535,0.0215152,-0.0459596,0.0125253,0.0805051,-0.0454545,-0.0242424,-0.00848485,0.251616,-0.0171717,0.0507071,-0.0122222,-0.0325253,-0.00888889,0.0217172,-0.112121,-0.0467677,-0.129192,0.0341414,-0.00282828,0.0181818,0.0561616,0.0162626,0.0690909,-0.0366667,0.0547475,-0.0069697,-0.0394949,-0.00282828,-0.0188889
-0.0191919,-0.00808081,-0.0222222,-0.020202,0.0131313,-0.0232323,-0.0020202,-0.0252525,-0.0151515,-0.0212121,0.0373737,-0.0181818,0.0323232,-0.0242424,0.0181818,-0.0171717,-0.00606061,-0.0343434,0.0141414,-0.0181818,-0.00606061,-0.0111111,0.0252525,0.0020202,0.0414141,-0.020202,0.040404,-0.0020202,-0.0171717,0.0909091,-0.0343434,0.0575758,0.0242424,0.0161616,-0.00505051,0.020202,-0.0292929,0.0434343,0.0040404,-0.0141414,-0.020202,-0.0020202,0.0333333,-0.0282828,0.0414141,0.0161616,0.0131313,-0.0535354,0.00606061,-0.0010101
-0.00868687,0.00282828,-0.00686869,0.0727273,-0.00383838,0.0139394,0.0193939,0.0313131,0.0292929,0.0187879,-0.010303,-0.0294949,-0.0375758,0.0488889,-0.0694949,0.0729293,0.0319192,0.00444444,-0.0408081,0.0189899,0.0561616,-0.00141414,-0.0717172,0.0129293,0.0438384,-0.121212,0.0020202,0.0456566,0.0507071,-0.0343434,0.226667,-0.0769697,-0.0791919,-0.00363636,-0.0575758,-0.0424242,0.0721212,-0.125051,-0.00646465,-0.0319192,0.0161616,0.0840404,0.0345455,0.0856566,-0.0692929,-0.0278788,-0.0321212,0.100808,-0.0218182,-0.0216162
0.0255556,-0.0145455,0.0569697,-0.0464646,-0.010202,-0.0655556,-0.0117172,-0.000505051,-0.0550505,-0.0306061,-0.0079798,0.0268687,-0.00949495,-0.0335354,0.0579798,-0.0334343,0.0789899,-0.0466667,-0.0715152,0.0733333,-0.00888889,-0.0508081,0.0813131,-0.00444444,0.00939394,-0.0151515,0.0444444,0.0105051,-0.0122222,0.0575758,-0.0769697,0.247576,-0.0220202,0.00282828,0.0742424,0.0313131,0.00535354,0.10596,0.00222222,-0.0739394,0.0727273,-0.0541414,0.0514141,-0.0610101,-0.0249495,0.0806061,-0.0263636,-0.149394,0.0674747,0.019899
-0.0357576,0.00929293,-0.0759596,-0.0121212,0.0220202,0.0587879,-0.00121212,-0.0414141,0.0111111,-0.0349495,0.0224242,-0.00888889,0.039596,-0.0327273,0.0270707,-0.0244444,-0.0177778,-0.0387879,0.0852525,-0.0270707,-0.0117172,0.00545455,0.0515152,-0.000808081,-0.0680808,0.0505051,-0.0020202,-0.00727273,-0.0325253,0.0242424,-0.0791919,-0.0220202,0.194343,-0.00040404,-0.124242,-0.00808081,-0.0761616,0.0321212,-0.070303,0.108687,-0.0262626,-0.0153535,-0.0264646,-0.00282828,0.0551515,-0.0165657,0.0806061,-0.0381818,-0.00242424,0.0357576
-0.0117172,-0.00323232,0.00929293,0.0020202,-0.00282828,-0.00727273,-0.00484848,-0.0040404,0.0040404,0.00161616,0.00888889,-0.0153535,0.00686869,0.00040404,-0.00282828,-0.00686869,-0.0105051,-0.00363636,0.00767677,-0.00727273,-0.00646465,-0.00848485,0.0040404,-0.00323232,0.0105051,-0.010101,0.0222222,0.00121212,-0.00888889,0.0161616,-0.00363636,0.00282828,-0.00040404,0.0387879,-0.0020202,-0.0020202,-0.0117172,0.00727273,0.00161616,0.0105051,-0.0040404,0.0193939,0.00525253,-0.0113131,0.00848485,-0.00565657,0.0294949,-0.00121212,-0.00969697,-0.00848485
0.0510101,0.0161616,0.0949495,-0.030303,-0.0287879,-0.0873737,-0.00606061,0.0479798,-0.0227273,0.0247475,-0.0318182,0.0111111,-0.0494949,0.00808081,0.00909091,0.00656566,-0.0030303,0.0535354,-0.0989899,0.0313131,-0.0181818,-0.0358586,-0.0176768,-0.0242424,0.0611111,0.0252525,-0.010101,-0.0161616,0.0217172,-0.00505051,-0.0575758,0.0742424,-0.124242,-0.0020202,0.25,0.00505051,-0.05,0.0368687,0.0474747,-0.113131,-0.0606061,0.0040404,0.0469697,-0.105051,0.000505051,0.0535354,-0.0590909,-0.0419192,-0.0020202,-0.0459596
0.0030303,-0.0040404,0.0242424,-0.010101,0.0191919,-0.0191919,-0.0161616,0.0555556,-0.0151515,0.00707071,-0.0191919,0.0363636,-0.0545455,-0.0222222,0.0242424,-0.0414141,0.0121212,0.0383838,0.0121212,0.0363636,-0.0282828,0.0272727,-0.0252525,-0.0040404,-0.0474747,5.60719e-18,-0.010101,0.0343434,-0.112121,0.020202,-0.0424242,0.0313131,-0.00808081,-0.0020202,0.00505051,0.212121,0.0131313,0.1,-0.00808081,-0.0121212,-0.0606061,-0.127273,-0.0010101,-0.0444444,0.0939394,-0.0424242,-0.0010101,0.0111111,0.0181818,-0.0030303
0.0463636,-0.0234343,0.0294949,0.0020202,-0.00030303,0.00535354,0.00525253,0.0186869,-0.0237374,-0.0110101,-0.0138384,0.050303,-0.00828283,-0.00969697,0.00222222,0.000707071,0.0753535,-0.0187879,-0.0125253,0.0684848,0.0137374,0.00919192,-0.00858586,0.00686869,-0.0425253,-0.00505051,-0.00808081,0.0315152,-0.0467677,-0.0292929,0.0721212,0.00535354,-0.0761616,-0.0117172,-0.05,0.0131313,0.20798,-0.00535354,0.0167677,-0.029899,0.107071,-0.0210101,-0.0477778,0.079596,-0.0748485,-0.0208081,-0.0689899,0.0568687,0.0307071,0.0293939
0.00474747,-0.0157576,0.00363636,-0.0646465,-0.01,0.0150505,-0.0185859,0.0106061,-0.0661616,-0.019899,0.0584848,-0.00666667,0.00949495,-0.0876768,0.0733333,-0.0372727,0.0220202,-0.0442424,-0.0294949,0.0478788,-0.0517172,-0.019899,0.05,-0.00565657,-0.07,0.0858586,-0.0545455,-0.0509091,-0.129192,0.0434343,-0.125051,0.10596,0.0321212,0.00727273,0.0368687,0.1,-0.00535354,0.247576,0.00787879,-0.0270707,0.0383838,-0.0367677,-0.0413131,-0.110707,0.0249495,0.0608081,0.0263636,-0.0425253,-0.0169697,0.00030303
0.00666667,0.00323232,0.000808081,-0.0525253,0.0179798,0.0123232,0.00484848,-0.0414141,-0.069697,0.00343434,0.0668687,-0.0149495,0.0739394,-0.0408081,0.0533333,-0.0183838,-0.029899,-0.0569697,0.0125253,-0.0432323,0.00646465,0.0438384,0.0010101,0.0133333,0.0147475,0.010101,0.0181818,-0.0517172,0.0341414,0.0040404,-0.00646465,0.00222222,-0.070303,0.00161616,0.0474747,-0.00808081,0.0167677,0.00787879,0.250909,-0.0509091,0.0040404,0.0210101,-0.0709091,0.0517172,0.0167677,0.0561616,-0.0648485,-0.0139394,-0.0610101,-0.0773737
-0.019798,0.000808081,-0.0351515,0.0323232,0.00323232,0.0270707,0.00121212,-0.0141414,0.0444444,-0.0105051,-0.0173737,0.00888889,0.000808081,0.00242424,-0.00686869,-0.0311111,-0.0428283,-0.00161616,0.0662626,-0.0234343,-0.0185859,0.00969697,0.0141414,0.000808081,-0.0581818,0.0505051,-0.00808081,0.00727273,-0.00282828,-0.0141414,-0.0319192,-0.0739394,0.108687,0.0105051,-0.113131,-0.0121212,-0.029899,-0.0270707,-0.0509091,0.184242,-0.0040404,0.00525253,-0.0593939,0.0331313,0.0206061,-0.0339394,0.0658586,0.0129293,-0.00767677,0.019798
0.00606061,-0.0282828,0.0181818,-0.010101,-0.0121212,0.0020202,-0.0020202,-0.020202,-0.030303,0.0040404,0.0121212,-0.00808081,0.0323232,0.00606061,0.00808081,-0.0020202,0.0646465,-0.0444444,-0.0464646,0.0323232,-0.00606061,-0.0464646,0.0505051,0.0121212,-0.0040404,0.010101,0.010101,-0.0323232,0.0181818,-0.020202,0.0161616,0.0727273,-0.0262626,-0.0040404,-0.0606061,-0.0606061,0.107071,0.0383838,0.0040404,-0.0040404,0.242424,0.0484848,-0.0626263,0.0222222,-0.165657,0.0565657,-0.0121212,0.0020202,0.0262626,0.0040404
-0.0513131,0.00848485,-0.0509091,0.0262626,-0.0266667,0.0468687,-0.00242424,-0.0424242,0.0121212,0.0311111,0.105455,-0.128889,0.0589899,0.00525253,-0.0266667,0.0319192,-0.0557576,-0.0371717,-0.0517172,-0.0339394,0.0169697,-0.069899,-0.0282828,0.00848485,0.0860606,-0.010101,-0.0040404,-0.0549495,0.0561616,-0.0020202,0.0840404,-0.0541414,-0.0153535,0.0193939,0.0040404,-0.127273,-0.0210101,-0.0367677,0.0210101,0.00525253,0.0484848,0.252121,0.00767677,-0.0157576,-0.101818,0.0577778,0.050101,0.0751515,-0.0957576,-0.059798
-0.0275758,0.00040404,0.0177778,0.0161616,-0.0059596,-0.0192929,-0.00444444,-0.00959596,0.00454545,0.0124242,0.0140404,-0.0208081,-0.0147475,0.0214141,-0.0135354,0.00717172,0.0240404,-0.0159596,-0.0173737,-0.00666667,0.0109091,-0.0481818,-0.000505051,-0.00969697,0.089596,-0.116162,0.0565657,0.0238384,0.0162626,0.0333333,0.0345455,0.0514141,-0.0264646,0.00525253,0.0469697,-0.0010101,-0.0477778,-0.0413131,-0.0709091,-0.0593939,-0.0626263,0.00767677,0.235455,-0.0339394,0.0128283,-0.0220202,-0.01,-0.0263636,0.0719192,0.0124242
-0.00121212,-0.00242424,-0.0460606,0.0343434,0.0206061,0.04,-0.00363636,-0.0282828,-0.0020202,-0.0391919,-0.00848485,0.0440404,0.00767677,-0.0173737,0.0105051,-0.00767677,0.0375758,-0.0355556,0.0335354,-0.00040404,0.0153535,0.0416162,0.00808081,0.00767677,-0.0173737,-0.040404,0.0141414,0.0387879,0.0690909,-0.0282828,0.0856566,-0.0610101,-0.00282828,-0.0113131,-0.105051,-0.0444444,0.079596,-0.110707,0.0517172,0.0331313,0.0222222,-0.0157576,-0.0339394,0.203636,0.00888889,-0.0294949,-0.0460606,0.0117172,0.0331313,0.0214141
-0.00414141,-0.00323232,-0.0109091,-0.0181818,0.03,0.0255556,-0.0250505,0.00858586,-0.00353535,-0.0211111,0.00636364,0.040202,0.00181818,-0.050101,0.0426263,-0.049798,-0.0357576,0.00141414,0.0682828,-0.0325253,-0.0266667,0.059697,0.00151515,-0.0133333,-0.0223232,0.0151515,0.0020202,0.0214141,-0.0366667,0.0414141,-0.0692929,-0.0249495,0.0551515,0.00848485,0.000505051,0.0939394,-0.0748485,0.0249495,0.0167677,0.0206061,-0.165657,-0.101818,0.0128283,0.00888889,0.20798,-0.0410101,0.0118182,-0.0441414,0.0105051,0.0192929
-0.000606061,0.00888889,0.00727273,-0.0181818,-0.00989899,-0.010303,0.00323232,-0.0191919,-0.0212121,0.0107071,0.0260606,-0.0234343,0.0189899,-0.0137374,0.0153535,0.00626263,-0.00646465,-0.0379798,-0.0690909,0.00484848,-0.00242424,-0.019596,0.0292929,-0.00121212,0.0216162,0.040404,-0.0282828,-0.0513131,0.0547475,0.0161616,-0.0278788,0.0806061,-0.0165657,-0.00565657,0.0535354,-0.0424242,-0.0208081,0.0608081,0.0561616,-0.0339394,0.0565657,0.0577778,-0.0220202,-0.0294949,-0.0410101,0.121616,-0.0179798,-0.0749495,-0.0238384,-0.019596
-0.0285859,0.0387879,-0.0307071,-0.0141414,0.00111111,0.0140404,0.00767677,-0.0146465,-0.000505051,0.0134343,0.0069697,-0.0531313,-0.0167677,0.0355556,-0.0317172,0.0142424,-0.0507071,-0.00181818,0.0189899,-0.0288889,0.0169697,-0.0168687,-0.0156566,0.00848485,-0.0124242,0.0151515,-0.0141414,-0.00444444,-0.0069697,0.0131313,-0.0321212,-0.0263636,0.0806061,0.0294949,-0.0590909,-0.0010101,-0.0689899,0.0263636,-0.0648485,0.0658586,-0.0121212,0.050101,-0.01,-0.0460606,0.0118182,-0.0179798,0.199091,0.0170707,-0.0351515,0.00333333
-0.0239394,-0.00242424,-0.0460606,0.0040404,-0.00717172,0.0829293,0.0165657,-0.00555556,0.000505051,0.0188889,0.069798,-0.0620202,0.0329293,0.0129293,-0.0349495,0.020101,-0.0179798,0.00989899,0.00323232,-0.00545455,0.0153535,-0.0114141,-0.0550505,0.00767677,-0.00979798,-0.0151515,-0.0363636,-0.0420202,-0.0394949,-0.0535354,0.100808,-0.149394,-0.0381818,-0.00121212,-0.0419192,0.0111111,0.0568687,-0.0425253,-0.0139394,0.0129293,0.0020202,0.0751515,-0.0263636,0.0117172,-0.0441414,-0.0749495,0.0170707,0.251616,-0.0779798,-0.0619192
0.0206061,0.000808081,0.0254545,-0.00808081,0.0234343,-0.0537374,-0.00888889,0.0464646,-0.0161616,-0.0206061,-0.0476768,0.079596,-0.069899,0.0125253,0.0133333,-0.0311111,0.0884848,-0.0319192,-0.00444444,0.0573737,-0.0387879,-0.0509091,0.0444444,-0.00929293,0.0125253,-0.030303,0.0424242,0.0577778,-0.00282828,0.00606061,-0.0218182,0.0674747,-0.00242424,-0.00969697,-0.0020202,0.0181818,0.0307071,-0.0169697,-0.0610101,-0.00767677,0.0262626,-0.0957576,0.0719192,0.0331313,0.0105051,-0.0238384,-0.0351515,-0.0779798,0.184242,0.050101
0.0192929,-0.0169697,0.0311111,0.0282828,-0.0148485,-0.00030303,-0.00525253,-0.00353535,0.0388889,0.0059596,-0.0417172,0.0608081,-0.0220202,-0.0206061,0.00787879,-0.0158586,0.0256566,-0.0115152,0.00242424,0.0224242,-0.0137374,0.0160606,0.0338384,0.00323232,-0.0231313,0.0353535,-0.0121212,0.00888889,-0.0188889,-0.0010101,-0.0216162,0.019899,0.0357576,-0.00848485,-0.0459596,-0.0030303,0.0293939,0.00030303,-0.0773737,0.019798,0.0040404,-0.059798,0.0124242,0.0214141,0.0192929,-0.019596,0.00333333,-0.0619192,0.050101,0.167576
